{
    "name": "Spark",
    "description": "A lava planet with a high metal count similar to Wadiya, but more evenly distriputed. Good for FFA and team games. (Recommended 4 players or more).",
    "version": "1.0",
    "creator": "Anonemous2",
    "players": [
        4,
        10
    ],
    "planets": [
        {
            "name": "Spark",
            "mass": 10000,
            "position_x": 0,
            "position_y": 15000,
            "velocity_x": -182.57418823242188,
            "velocity_y": -0.000007980571353982668,
            "required_thrust_to_move": 0,
            "starting_planet": true,
            "respawn": false,
            "start_destroyed": false,
            "min_spawn_delay": 0,
            "max_spawn_delay": 0,
            "planet": {
                "seed": 98302088,
                "radius": 500,
                "heightRange": 0,
                "waterHeight": 9.999999046325684,
                "waterDepth": 0,
                "temperature": 100,
                "metalDensity": 0,
                "metalClusters": 0,
                "metalSpotLimit": -1,
                "biomeScale": 50,
                "biome": "lava",
                "symmetryType": "none",
                "symmetricalMetal": false,
                "symmetricalStarts": false,
                "numArmies": 2,
                "landingZonesPerArmy": 0,
                "landingZoneSize": 0
            },
            "planetCSG": [
                {
                    "spec": "/pa/terrain/lava/brushes/lava_volcano_04.json",
                    "proj": "BP_Bend",
                    "op": "BO_Add",
                    "position": [
                        42.968780517578125,
                        -469.48443603515625,
                        -169.114501953125
                    ],
                    "height": 504.8609313964844,
                    "transform": [
                        0.8405550718307495,
                        0.1031976267695427,
                        0.07292136549949646,
                        43.31193542480469,
                        0.1031976267695427,
                        -0.27755534648895264,
                        -0.7967516779899597,
                        -473.2338562011719,
                        -0.07292136549949646,
                        0.7967516779899597,
                        -0.2870003283023834,
                        -170.46499633789062
                    ],
                    "scale": [
                        0.8500000238418579,
                        0.8500000238418579,
                        0.8500000238418579
                    ],
                    "rotation": 0,
                    "weight": [
                        0,
                        0,
                        0,
                        0
                    ],
                    "weightHard": false,
                    "weightScale": [
                        1,
                        1,
                        1
                    ],
                    "mirrored": false,
                    "twinId": 0,
                    "flooded": false,
                    "pathable": false,
                    "mergeable": false,
                    "no_features": false
                },
                {
                    "spec": "/pa/terrain/lava/brushes/lava_volcano_05.json",
                    "proj": "BP_Bend",
                    "op": "BO_Add",
                    "position": [
                        177.71038818359375,
                        -419.9212646484375,
                        -204.0746307373047
                    ],
                    "height": 499.5611267089844,
                    "transform": [
                        0.786056399345398,
                        0.5055386424064636,
                        0.3557329773902893,
                        177.7103729248047,
                        0.5055386424064636,
                        -0.19456398487091064,
                        -0.8405802249908447,
                        -419.92120361328125,
                        -0.3557329773902893,
                        0.8405802249908447,
                        -0.4085075855255127,
                        -204.0745086669922
                    ],
                    "scale": [
                        1,
                        1,
                        1
                    ],
                    "rotation": 0,
                    "weight": [
                        0,
                        0,
                        0,
                        0
                    ],
                    "weightHard": false,
                    "weightScale": [
                        1,
                        1,
                        1
                    ],
                    "mirrored": false,
                    "twinId": 0,
                    "flooded": false,
                    "pathable": false,
                    "mergeable": false,
                    "no_features": false
                },
                {
                    "spec": "/pa/terrain/lava/brushes/lava_volcano_06.json",
                    "proj": "BP_Bend",
                    "op": "BO_Add",
                    "position": [
                        344.7926330566406,
                        -360.143798828125,
                        31.228759765625
                    ],
                    "height": 499.560546875,
                    "transform": [
                        0.5421862006187439,
                        0.47923827171325684,
                        0.690191924571991,
                        344.79266357421875,
                        0.4579894542694092,
                        0.5201137661933899,
                        -0.7209212779998779,
                        -360.1438293457031,
                        -0.7044713497161865,
                        0.7069741487503052,
                        0.06251239776611328,
                        31.228727340698242
                    ],
                    "scale": [
                        1,
                        1,
                        1
                    ],
                    "rotation": -0.019999999552965164,
                    "weight": [
                        0,
                        0,
                        0,
                        0
                    ],
                    "weightHard": false,
                    "weightScale": [
                        1,
                        1,
                        1
                    ],
                    "mirrored": false,
                    "twinId": 0,
                    "flooded": false,
                    "pathable": false,
                    "mergeable": false,
                    "no_features": false
                },
                {
                    "spec": "/pa/terrain/lava/brushes/lava_plateau_06.json",
                    "proj": "BP_Bend",
                    "op": "BO_Add",
                    "position": [
                        276.0041809082031,
                        -156.4981689453125,
                        387.86810302734375
                    ],
                    "height": 505.11041259765625,
                    "transform": [
                        0.7821871042251587,
                        0.2912370562553406,
                        0.5507852435112,
                        278.2073669433594,
                        -0.13045144081115723,
                        0.940983235836029,
                        -0.3123027980327606,
                        -157.7473907470703,
                        -0.6092337965965271,
                        0.17242850363254547,
                        0.7740172147750854,
                        390.9641418457031
                    ],
                    "scale": [
                        1,
                        1,
                        1
                    ],
                    "rotation": -0.23999996483325958,
                    "weight": [
                        0,
                        0,
                        0,
                        0
                    ],
                    "weightHard": false,
                    "weightScale": [
                        1,
                        1,
                        1
                    ],
                    "mirrored": false,
                    "twinId": 0,
                    "flooded": false,
                    "pathable": false,
                    "mergeable": false,
                    "no_features": false
                },
                {
                    "spec": "/pa/terrain/lava/brushes/lava_plateau_05.json",
                    "proj": "BP_Bend",
                    "op": "BO_Add",
                    "position": [
                        334.29925537109375,
                        -350.83984375,
                        121.2918701171875
                    ],
                    "height": 499.5561218261719,
                    "transform": [
                        0.6190742254257202,
                        -0.4110090732574463,
                        0.6691925525665283,
                        334.2992248535156,
                        0.7076349258422852,
                        -0.07760784029960632,
                        -0.7023031711578369,
                        -350.83984375,
                        0.3405875265598297,
                        0.9083218574523926,
                        0.24279934167861938,
                        121.29190063476562
                    ],
                    "scale": [
                        1,
                        1,
                        1
                    ],
                    "rotation": 1.1199995279312134,
                    "weight": [
                        0,
                        0,
                        0,
                        0
                    ],
                    "weightHard": false,
                    "weightScale": [
                        1,
                        1,
                        1
                    ],
                    "mirrored": false,
                    "twinId": 0,
                    "flooded": false,
                    "pathable": false,
                    "mergeable": false,
                    "no_features": false
                },
                {
                    "spec": "/pa/terrain/lava/brushes/lava_plateau_08.json",
                    "proj": "BP_Bend",
                    "op": "BO_Add",
                    "position": [
                        288.44427490234375,
                        -82.959228515625,
                        399.43084716796875
                    ],
                    "height": 501.627197265625,
                    "transform": [
                        0.7708642482757568,
                        0.6048304438591003,
                        0.6927827000617981,
                        289.59893798828125,
                        -0.6144295930862427,
                        1.01132333278656,
                        -0.19925065338611603,
                        -83.29130554199219,
                        -0.6842836141586304,
                        -0.22672586143016815,
                        0.9593492150306702,
                        401.0297546386719
                    ],
                    "scale": [
                        1.1999998092651367,
                        1.1999998092651367,
                        1.1999998092651367
                    ],
                    "rotation": -0.5999999642372131,
                    "weight": [
                        0,
                        0,
                        0,
                        0
                    ],
                    "weightHard": false,
                    "weightScale": [
                        1,
                        1,
                        1
                    ],
                    "mirrored": false,
                    "twinId": 0,
                    "flooded": false,
                    "pathable": false,
                    "mergeable": false,
                    "no_features": false
                },
                {
                    "spec": "/pa/terrain/lava/brushes/lava_plateau_02.json",
                    "proj": "BP_Bend",
                    "op": "BO_Add",
                    "position": [
                        -417.292724609375,
                        -270.0435791015625,
                        38.88130187988281
                    ],
                    "height": 498.5664367675781,
                    "transform": [
                        0.3501361608505249,
                        -0.42054784297943115,
                        -0.8369852304458618,
                        -417.2927551269531,
                        -0.42054784297943115,
                        0.7278499603271484,
                        -0.5416401028633118,
                        -270.0435791015625,
                        0.8369852304458618,
                        0.5416401028633118,
                        0.07798612117767334,
                        38.881263732910156
                    ],
                    "scale": [
                        1,
                        1,
                        1
                    ],
                    "rotation": 0,
                    "weight": [
                        0,
                        0,
                        0,
                        0
                    ],
                    "weightHard": false,
                    "weightScale": [
                        1,
                        1,
                        1
                    ],
                    "mirrored": false,
                    "twinId": 0,
                    "flooded": false,
                    "pathable": false,
                    "mergeable": false,
                    "no_features": false
                },
                {
                    "spec": "/pa/terrain/lava/brushes/lava_crack_04.json",
                    "proj": "BP_Bend",
                    "op": "BO_Subtract",
                    "position": [
                        -59.65730285644531,
                        -219.82351684570312,
                        447.96551513671875
                    ],
                    "height": 520.5479736328125,
                    "transform": [
                        0.8734432458877563,
                        -0.024159308522939682,
                        -0.10446447134017944,
                        -61.79407501220703,
                        -0.024159308522939682,
                        0.790978193283081,
                        -0.3849277198314667,
                        -227.69705200195312,
                        0.10446447134017944,
                        0.3849277198314667,
                        0.7844216823577881,
                        464.010498046875
                    ],
                    "scale": [
                        0.8799997568130493,
                        0.8799997568130493,
                        0.8799997568130493
                    ],
                    "rotation": 0,
                    "weight": [
                        0,
                        0,
                        0,
                        0
                    ],
                    "weightHard": false,
                    "weightScale": [
                        1,
                        1,
                        1
                    ],
                    "mirrored": false,
                    "twinId": 0,
                    "flooded": false,
                    "pathable": false,
                    "mergeable": false,
                    "no_features": true
                },
                {
                    "spec": "/pa/terrain/lava/brushes/lava_crack_03.json",
                    "proj": "BP_Bend",
                    "op": "BO_Subtract",
                    "position": [
                        -164.058837890625,
                        -214.81478881835938,
                        423.6361083984375
                    ],
                    "height": 525.5218505859375,
                    "transform": [
                        0.9610122442245483,
                        -0.07723669707775116,
                        -0.3330002725124359,
                        -171.567626953125,
                        -0.07723669707775116,
                        0.9188677072525024,
                        -0.43602272868156433,
                        -224.64662170410156,
                        0.3330002725124359,
                        0.43602272868156433,
                        0.859880268573761,
                        443.0255432128906
                    ],
                    "scale": [
                        1.019999623298645,
                        1.019999623298645,
                        1.019999623298645
                    ],
                    "rotation": 0,
                    "weight": [
                        0,
                        0,
                        0,
                        0
                    ],
                    "weightHard": false,
                    "weightScale": [
                        1,
                        1,
                        1
                    ],
                    "mirrored": false,
                    "twinId": 0,
                    "flooded": false,
                    "pathable": false,
                    "mergeable": false,
                    "no_features": true
                },
                {
                    "spec": "/pa/terrain/lava/brushes/lava_volcano_04.json",
                    "proj": "BP_Bend",
                    "op": "BO_Add",
                    "position": [
                        -431.031494140625,
                        35.17986297607422,
                        248.61614990234375
                    ],
                    "height": 500.83441162109375,
                    "transform": [
                        0.4264565110206604,
                        0.03456871211528778,
                        -0.7344657182693481,
                        -432.7596435546875,
                        0.03456871211528778,
                        0.84717857837677,
                        0.05994550883769989,
                        35.32090759277344,
                        0.7344657182693481,
                        -0.05994550883769989,
                        0.4236350655555725,
                        249.6129608154297
                    ],
                    "scale": [
                        0.8500000238418579,
                        0.8500000238418579,
                        0.8500000238418579
                    ],
                    "rotation": 0,
                    "weight": [
                        0,
                        0,
                        0,
                        0
                    ],
                    "weightHard": false,
                    "weightScale": [
                        1,
                        1,
                        1
                    ],
                    "mirrored": false,
                    "twinId": 0,
                    "flooded": false,
                    "pathable": false,
                    "mergeable": false,
                    "no_features": false
                },
                {
                    "spec": "/pa/terrain/lava/brushes/lava_volcano_05.json",
                    "proj": "BP_Bend",
                    "op": "BO_Add",
                    "position": [
                        -382.50140380859375,
                        96.77439880371094,
                        306.345458984375
                    ],
                    "height": 499.5199279785156,
                    "transform": [
                        0.6401583552360535,
                        -0.06198843568563461,
                        -0.7657379508018494,
                        -382.5013732910156,
                        0.32149237394332886,
                        0.9268815517425537,
                        0.1937347948551178,
                        96.7743911743164,
                        0.6977390646934509,
                        -0.37019985914230347,
                        0.6132798194885254,
                        306.3454895019531
                    ],
                    "scale": [
                        1,
                        1,
                        1
                    ],
                    "rotation": 0.23999996483325958,
                    "weight": [
                        0,
                        0,
                        0,
                        0
                    ],
                    "weightHard": false,
                    "weightScale": [
                        1,
                        1,
                        1
                    ],
                    "mirrored": false,
                    "twinId": 0,
                    "flooded": false,
                    "pathable": false,
                    "mergeable": false,
                    "no_features": false
                },
                {
                    "spec": "/pa/terrain/lava/brushes/lava_volcano_06.json",
                    "proj": "BP_Bend",
                    "op": "BO_Add",
                    "position": [
                        -174.11264038085938,
                        -146.64076232910156,
                        -445.1446533203125
                    ],
                    "height": 499.9725036621094,
                    "transform": [
                        -0.10589385032653809,
                        -0.931403398513794,
                        -0.34824463725090027,
                        -174.1127471923828,
                        -0.931403398513794,
                        0.21555548906326294,
                        -0.29329782724380493,
                        -146.64085388183594,
                        0.34824463725090027,
                        0.29329782724380493,
                        -0.8903384208679199,
                        -445.14471435546875
                    ],
                    "scale": [
                        1,
                        1,
                        1
                    ],
                    "rotation": 0,
                    "weight": [
                        0,
                        0,
                        0,
                        0
                    ],
                    "weightHard": false,
                    "weightScale": [
                        1,
                        1,
                        1
                    ],
                    "mirrored": false,
                    "twinId": 0,
                    "flooded": false,
                    "pathable": false,
                    "mergeable": false,
                    "no_features": false
                },
                {
                    "spec": "/pa/terrain/lava/brushes/lava_plateau_02.json",
                    "proj": "BP_Bend",
                    "op": "BO_Add",
                    "position": [
                        -170.89488220214844,
                        -53.28309631347656,
                        -465.4901123046875
                    ],
                    "height": 498.72357177734375,
                    "transform": [
                        -1.2193093299865723,
                        -0.8790286779403687,
                        -0.5482628345489502,
                        -170.89480590820312,
                        -0.8790286779403687,
                        1.3259282112121582,
                        -0.17094215750694275,
                        -53.28307342529297,
                        0.5482628345489502,
                        0.17094215750694275,
                        -1.4933805465698242,
                        -465.490234375
                    ],
                    "scale": [
                        1.5999994277954102,
                        1.5999994277954102,
                        1.5999994277954102
                    ],
                    "rotation": 0,
                    "weight": [
                        0,
                        0,
                        0,
                        0
                    ],
                    "weightHard": false,
                    "weightScale": [
                        1,
                        1,
                        1
                    ],
                    "mirrored": false,
                    "twinId": 0,
                    "flooded": false,
                    "pathable": false,
                    "mergeable": false,
                    "no_features": false
                },
                {
                    "spec": "/pa/terrain/lava/brushes/lava_plateau_07.json",
                    "proj": "BP_Bend",
                    "op": "BO_Add",
                    "position": [
                        178.91531372070312,
                        82.98814392089844,
                        -458.1522216796875
                    ],
                    "height": 499.79974365234375,
                    "transform": [
                        -0.5788277387619019,
                        -0.7323240041732788,
                        0.35869184136390686,
                        179.2740936279297,
                        -0.7323240041732788,
                        0.6603185534477234,
                        0.1663757562637329,
                        83.1545639038086,
                        -0.35869184136390686,
                        -0.1663757562637329,
                        -0.9185092449188232,
                        -459.0706787109375
                    ],
                    "scale": [
                        1,
                        1,
                        1
                    ],
                    "rotation": 0,
                    "weight": [
                        0,
                        0,
                        0,
                        0
                    ],
                    "weightHard": false,
                    "weightScale": [
                        1,
                        1,
                        1
                    ],
                    "mirrored": false,
                    "twinId": 0,
                    "flooded": false,
                    "pathable": false,
                    "mergeable": false,
                    "no_features": false
                },
                {
                    "spec": "/pa/terrain/lava/brushes/lava_plateau_02.json",
                    "proj": "BP_Bend",
                    "op": "BO_Add",
                    "position": [
                        425.70635986328125,
                        -113.60565185546875,
                        -232.6650390625
                    ],
                    "height": 498.26214599609375,
                    "transform": [
                        -0.3694274425506592,
                        0.3654507100582123,
                        0.854382336139679,
                        425.7063903808594,
                        0.3654507100582123,
                        0.9024744033813477,
                        -0.22800378501415253,
                        -113.60565185546875,
                        -0.854382336139679,
                        0.22800378501415253,
                        -0.4669530391693115,
                        -232.66502380371094
                    ],
                    "scale": [
                        1,
                        1,
                        1
                    ],
                    "rotation": 0,
                    "weight": [
                        0,
                        0,
                        0,
                        0
                    ],
                    "weightHard": false,
                    "weightScale": [
                        1,
                        1,
                        1
                    ],
                    "mirrored": false,
                    "twinId": 0,
                    "flooded": false,
                    "pathable": false,
                    "mergeable": false,
                    "no_features": false
                },
                {
                    "spec": "/pa/terrain/lava/brushes/lava_plateau_04.json",
                    "proj": "BP_Bend",
                    "op": "BO_Add",
                    "position": [
                        442.54833984375,
                        216.27880859375,
                        75.27108764648438
                    ],
                    "height": 498.2883605957031,
                    "transform": [
                        0.3147292733192444,
                        -0.33490023016929626,
                        0.8881368637084961,
                        442.5482482910156,
                        -0.33490023016929626,
                        0.8363301753997803,
                        0.43404340744018555,
                        216.27877807617188,
                        -0.8881368637084961,
                        -0.43404340744018555,
                        0.15105938911437988,
                        75.27113342285156
                    ],
                    "scale": [
                        1,
                        1,
                        1
                    ],
                    "rotation": 0,
                    "weight": [
                        0,
                        0,
                        0,
                        0
                    ],
                    "weightHard": false,
                    "weightScale": [
                        1,
                        1,
                        1
                    ],
                    "mirrored": false,
                    "twinId": 0,
                    "flooded": false,
                    "pathable": false,
                    "mergeable": false,
                    "no_features": false
                },
                {
                    "spec": "/pa/terrain/lava/brushes/lava_plateau_05.json",
                    "proj": "BP_Bend",
                    "op": "BO_Add",
                    "position": [
                        420.05682373046875,
                        263.00341796875,
                        55.188507080078125
                    ],
                    "height": 498.6625061035156,
                    "transform": [
                        0.36112427711486816,
                        -0.40000900626182556,
                        0.8423669934272766,
                        420.05682373046875,
                        -0.40000900626182556,
                        0.7495487928390503,
                        0.5274177193641663,
                        263.0034484863281,
                        -0.8423669934272766,
                        -0.5274177193641663,
                        0.11067306995391846,
                        55.18851089477539
                    ],
                    "scale": [
                        1,
                        1,
                        1
                    ],
                    "rotation": 0,
                    "weight": [
                        0,
                        0,
                        0,
                        0
                    ],
                    "weightHard": false,
                    "weightScale": [
                        1,
                        1,
                        1
                    ],
                    "mirrored": false,
                    "twinId": 0,
                    "flooded": false,
                    "pathable": false,
                    "mergeable": false,
                    "no_features": false
                },
                {
                    "spec": "/pa/terrain/lava/brushes/lava_crack_01.json",
                    "proj": "BP_Bend",
                    "op": "BO_Subtract",
                    "position": [
                        -266.8096923828125,
                        415.7069091796875,
                        -67.49095153808594
                    ],
                    "height": 503.5525817871094,
                    "transform": [
                        0.231184720993042,
                        0.5898733139038086,
                        -0.28363946080207825,
                        -269.48553466796875,
                        0.25647175312042236,
                        0.3250133693218231,
                        0.44192880392074585,
                        419.87603759765625,
                        0.6657896637916565,
                        -0.3300238251686096,
                        -0.07174809277057648,
                        -68.16778564453125
                    ],
                    "scale": [
                        0.75,
                        0.75,
                        0.5300002098083496
                    ],
                    "rotation": -0.5400000214576721,
                    "weight": [
                        0,
                        0,
                        0,
                        0
                    ],
                    "weightHard": false,
                    "weightScale": [
                        1,
                        1,
                        1
                    ],
                    "mirrored": false,
                    "twinId": 0,
                    "flooded": false,
                    "pathable": false,
                    "mergeable": false,
                    "no_features": true
                },
                {
                    "spec": "/pa/terrain/lava/brushes/lava_plateau_06.json",
                    "proj": "BP_Bend",
                    "op": "BO_Add",
                    "position": [
                        368.4188232421875,
                        325.3612060546875,
                        82.5814208984375
                    ],
                    "height": 499.4095153808594,
                    "transform": [
                        0.5312644243240356,
                        -0.41395384073257446,
                        0.7391890287399292,
                        369.15802001953125,
                        -0.41395384073257446,
                        0.6344255208969116,
                        0.6527990102767944,
                        326.0140380859375,
                        -0.7391890287399292,
                        -0.6527990102767944,
                        0.16568994522094727,
                        82.74713897705078
                    ],
                    "scale": [
                        1,
                        1,
                        1
                    ],
                    "rotation": 0,
                    "weight": [
                        0,
                        0,
                        0,
                        0
                    ],
                    "weightHard": false,
                    "weightScale": [
                        1,
                        1,
                        1
                    ],
                    "mirrored": false,
                    "twinId": 0,
                    "flooded": false,
                    "pathable": false,
                    "mergeable": false,
                    "no_features": false
                },
                {
                    "spec": "/pa/terrain/lava/brushes/lava_plateau_04.json",
                    "proj": "BP_Bend",
                    "op": "BO_Add",
                    "position": [
                        -57.38218688964844,
                        410.2275390625,
                        -279.7498779296875
                    ],
                    "height": 499.8393249511719,
                    "transform": [
                        0.9700687527656555,
                        0.2139795869588852,
                        -0.11480128020048141,
                        -57.38219451904297,
                        0.2139795869588852,
                        -0.5297485589981079,
                        0.8207188844680786,
                        410.2275695800781,
                        0.11480128020048141,
                        -0.8207188844680786,
                        -0.5596797466278076,
                        -279.74993896484375
                    ],
                    "scale": [
                        1,
                        1,
                        1
                    ],
                    "rotation": 0,
                    "weight": [
                        0,
                        0,
                        0,
                        0
                    ],
                    "weightHard": false,
                    "weightScale": [
                        1,
                        1,
                        1
                    ],
                    "mirrored": false,
                    "twinId": 0,
                    "flooded": false,
                    "pathable": false,
                    "mergeable": false,
                    "no_features": false
                }
            ],
            "metal_spots": [
                [
                    439.2794189453125,
                    -236.40589904785156,
                    -35.14111328125
                ],
                [
                    408.134033203125,
                    -269.450927734375,
                    -101.90008544921875
                ],
                [
                    316.8046875,
                    -324.3250732421875,
                    -208.2418670654297
                ],
                [
                    348.26318359375,
                    -344.005859375,
                    -94.48355102539062
                ],
                [
                    342.6087646484375,
                    -325.9100341796875,
                    -159.26272583007812
                ],
                [
                    234.7904052734375,
                    -295.9559326171875,
                    -326.1153259277344
                ],
                [
                    294.342529296875,
                    -372.2176513671875,
                    -154.09194946289062
                ],
                [
                    273.168701171875,
                    -326.692626953125,
                    -260.76690673828125
                ],
                [
                    323.6776123046875,
                    -279.5609130859375,
                    -258.4586181640625
                ],
                [
                    286.218505859375,
                    -225.6190185546875,
                    -341.8039855957031
                ],
                [
                    385.1688232421875,
                    -251.5135498046875,
                    -193.41531372070312
                ],
                [
                    372.838623046875,
                    -205.950927734375,
                    -260.12445068359375
                ],
                [
                    377.7337646484375,
                    -96.82666015625,
                    -311.0484924316406
                ],
                [
                    465.3968505859375,
                    -155.34722900390625,
                    -101.1080322265625
                ],
                [
                    437.1611328125,
                    -210.991943359375,
                    -119.90449523925781
                ],
                [
                    421.17724609375,
                    -235.43118286132812,
                    -129.38507080078125
                ],
                [
                    453.818359375,
                    -127.91070556640625,
                    -164.35140991210938
                ],
                [
                    491.0272216796875,
                    -99.80450439453125,
                    -11.1619873046875
                ],
                [
                    496.8004150390625,
                    -48.33392333984375,
                    40.8863525390625
                ],
                [
