{
    "name": "Tirade 24 FFA",
    "description": "A 24 player FFA system with a single huge metal planet segmented into 8 tri spawns. Lots of metal. ",
    "version": "1.1",
    "creator": "Anonemous2",
    "players": [
        24,
        24
    ],
    "planets": [
        {
            "name": "The Tirade",
            "mass": 35000,
            "position_x": 12500,
            "position_y": 0,
            "velocity_x": -0.000008742276804696303,
            "velocity_y": 200,
            "required_thrust_to_move": 0,
            "starting_planet": true,
            "respawn": false,
            "start_destroyed": false,
            "min_spawn_delay": 0,
            "max_spawn_delay": 0,
            "planet": {
                "seed": 973302336,
                "radius": 800,
                "heightRange": 0,
                "waterHeight": 0,
                "waterDepth": 100,
                "temperature": 50,
                "metalDensity": 0,
                "metalClusters": 0,
                "metalSpotLimit": -1,
                "biomeScale": 50,
                "biome": "metal_boss",
                "symmetryType": "none",
                "symmetricalMetal": false,
                "symmetricalStarts": false,
                "numArmies": 2,
                "landingZonesPerArmy": 0,
                "landingZoneSize": 75
            },
            "planetCSG": [
                {
                    "spec": "/pa/terrain/metal/brushes/metal_trench_11_sub.json",
                    "proj": "BP_Bend",
                    "op": "BO_Subtract",
                    "position": [
                        345,
                        -725,
                        0
                    ],
                    "height": 800,
                    "transform": [
                        -0.9029756188392639,
                        1.1920928955078125e-7,
                        0.42969179153442383,
                        343.75341796875,
                        -0.42969179153442383,
                        -1.4901161193847656e-8,
                        -0.9029755592346191,
                        -722.3804321289062,
                        -1.1920928955078125e-7,
                        -0.9999999403953552,
                        5.960464477539063e-8,
                        0.0000476837158203125
                    ],
                    "scale": [
                        1,
                        1,
                        1
                    ],
                    "rotation": -2.6974411010742188,
                    "weight": [
                        0,
                        0,
                        0,
                        0
                    ],
                    "weightHard": false,
                    "weightScale": [
                        1,
                        1,
                        1
                    ],
                    "mirrored": false,
                    "twinId": 0,
                    "flooded": false,
                    "pathable": false,
                    "mergeable": false,
                    "no_features": true
                },
                {
                    "spec": "/pa/terrain/metal/brushes/metal_trench_11_add.json",
                    "proj": "BP_Bend",
                    "op": "BO_Add",
                    "position": [
                        345,
                        -725,
                        0
                    ],
                    "height": 800,
                    "transform": [
                        -0.9029756188392639,
                        1.1920928955078125e-7,
                        0.42969179153442383,
                        343.75341796875,
                        -0.42969179153442383,
                        -1.4901161193847656e-8,
                        -0.9029755592346191,
                        -722.3804321289062,
                        -1.1920928955078125e-7,
                        -0.9999999403953552,
                        5.960464477539063e-8,
                        0.0000476837158203125
                    ],
                    "scale": [
                        1,
                        1,
                        1
                    ],
                    "rotation": -2.6974411010742188,
                    "weight": [
                        0,
                        0,
                        0,
                        0
                    ],
                    "weightHard": false,
                    "weightScale": [
                        1,
                        1,
                        1
                    ],
                    "mirrored": false,
                    "twinId": 0,
                    "flooded": false,
                    "pathable": false,
                    "mergeable": false,
                    "no_features": true
                },
                {
                    "spec": "/pa/terrain/metal/brushes/metal_trench_11_sub.json",
                    "proj": "BP_Bend",
                    "op": "BO_Subtract",
                    "position": [
                        345,
                        725,
                        0
                    ],
                    "height": 800,
                    "transform": [
                        -0.9029756188392639,
                        -1.1920928955078125e-7,
                        0.42969179153442383,
                        343.75341796875,
                        0.42969179153442383,
                        -1.4901161193847656e-8,
                        0.9029755592346191,
                        722.3804321289062,
                        1.1920928955078125e-7,
                        -0.9999999403953552,
                        -5.960464477539063e-8,
                        -0.00004768371945829131
                    ],
                    "scale": [
                        1,
                        1,
                        1
                    ],
                    "rotation": 2.6974411010742188,
                    "weight": [
                        0,
                        0,
                        0,
                        0
                    ],
                    "weightHard": false,
                    "weightScale": [
                        1,
                        1,
                        1
                    ],
                    "mirrored": true,
                    "twinId": 0,
                    "flooded": false,
                    "pathable": false,
                    "mergeable": false,
                    "no_features": true
                },
                {
                    "spec": "/pa/terrain/metal/brushes/metal_trench_11_add.json",
                    "proj": "BP_Bend",
                    "op": "BO_Add",
                    "position": [
                        345,
                        725,
                        0
                    ],
                    "height": 800,
                    "transform": [
                        -0.9029756188392639,
                        -1.1920928955078125e-7,
                        0.42969179153442383,
                        343.75341796875,
                        0.42969179153442383,
                        -1.4901161193847656e-8,
                        0.9029755592346191,
                        722.3804321289062,
                        1.1920928955078125e-7,
                        -0.9999999403953552,
                        -5.960464477539063e-8,
                        -0.00004768371945829131
                    ],
                    "scale": [
                        1,
                        1,
                        1
                    ],
                    "rotation": 2.6974411010742188,
                    "weight": [
                        0,
                        0,
                        0,
                        0
                    ],
                    "weightHard": false,
                    "weightScale": [
                        1,
                        1,
                        1
                    ],
                    "mirrored": true,
                    "twinId": 0,
                    "flooded": false,
                    "pathable": false,
                    "mergeable": false,
                    "no_features": true
                },
                {
                    "spec": "/pa/terrain/metal/brushes/metal_trench_11_sub.json",
                    "proj": "BP_Bend",
                    "op": "BO_Subtract",
                    "position": [
                        -345,
                        725,
                        0
                    ],
                    "height": 800,
                    "transform": [
                        0.9029756188392639,
                        -2.9802322387695312e-8,
                        -0.42969179153442383,
                        -343.75341796875,
                        0.4296918213367462,
                        5.960464477539063e-8,
                        0.9029755592346191,
                        722.3804321289062,
                        0,
                        -0.9999999403953552,
                        5.960464477539063e-8,
                        0.0000476837158203125
                    ],
                    "scale": [
                        1,
                        1,
                        1
                    ],
                    "rotation": 0.44415146112442017,
                    "weight": [
                        0,
                        0,
                        0,
                        0
                    ],
                    "weightHard": false,
                    "weightScale": [
                        1,
                        1,
                        1
                    ],
                    "mirrored": false,
                    "twinId": 0,
                    "flooded": false,
                    "pathable": false,
                    "mergeable": false,
                    "no_features": true
                },
                {
                    "spec": "/pa/terrain/metal/brushes/metal_trench_11_add.json",
                    "proj": "BP_Bend",
                    "op": "BO_Add",
                    "position": [
                        -345,
                        725,
                        0
                    ],
                    "height": 800,
                    "transform": [
                        0.9029756188392639,
                        -2.9802322387695312e-8,
                        -0.42969179153442383,
                        -343.75341796875,
                        0.4296918213367462,
                        5.960464477539063e-8,
                        0.9029755592346191,
                        722.3804321289062,
                        0,
                        -0.9999999403953552,
                        5.960464477539063e-8,
                        0.0000476837158203125
                    ],
                    "scale": [
                        1,
                        1,
                        1
                    ],
                    "rotation": 0.44415146112442017,
                    "weight": [
                        0,
                        0,
                        0,
                        0
                    ],
                    "weightHard": false,
                    "weightScale": [
                        1,
                        1,
                        1
                    ],
                    "mirrored": false,
                    "twinId": 0,
                    "flooded": false,
                    "pathable": false,
                    "mergeable": false,
                    "no_features": true
                },
                {
                    "spec": "/pa/terrain/metal/brushes/metal_trench_11_sub.json",
                    "proj": "BP_Bend",
                    "op": "BO_Subtract",
                    "position": [
                        -345,
                        -725,
                        0
                    ],
                    "height": 800,
                    "transform": [
                        0.9029756188392639,
                        2.384185791015625e-7,
                        -0.42969179153442383,
                        -343.75341796875,
                        -0.4296918213367462,
                        -5.960464477539063e-8,
                        -0.9029755592346191,
                        -722.3804321289062,
                        2.384185791015625e-7,
                        -0.9999998807907104,
                        -5.960464477539063e-8,
                        -0.00004768371945829131
                    ],
                    "scale": [
                        1,
                        1,
                        1
                    ],
                    "rotation": 5.839033603668213,
                    "weight": [
                        0,
                        0,
                        0,
                        0
                    ],
                    "weightHard": false,
                    "weightScale": [
                        1,
                        1,
                        1
                    ],
                    "mirrored": true,
                    "twinId": 0,
                    "flooded": false,
                    "pathable": false,
                    "mergeable": false,
                    "no_features": true
                },
                {
                    "spec": "/pa/terrain/metal/brushes/metal_trench_11_add.json",
                    "proj": "BP_Bend",
                    "op": "BO_Add",
                    "position": [
                        -345,
                        -725,
                        0
                    ],
                    "height": 800,
                    "transform": [
                        0.9029756188392639,
                        2.384185791015625e-7,
                        -0.42969179153442383,
                        -343.75341796875,
                        -0.4296918213367462,
                        -5.960464477539063e-8,
                        -0.9029755592346191,
                        -722.3804321289062,
                        2.384185791015625e-7,
                        -0.9999998807907104,
                        -5.960464477539063e-8,
                        -0.00004768371945829131
                    ],
                    "scale": [
                        1,
                        1,
                        1
                    ],
                    "rotation": 5.839033603668213,
                    "weight": [
                        0,
                        0,
                        0,
                        0
                    ],
                    "weightHard": false,
                    "weightScale": [
                        1,
                        1,
                        1
                    ],
                    "mirrored": true,
                    "twinId": 0,
                    "flooded": false,
                    "pathable": false,
                    "mergeable": false,
                    "no_features": true
                },
                {
                    "spec": "/pa/terrain/metal/brushes/metal_trench_11_sub.json",
                    "proj": "BP_Bend",
                    "op": "BO_Subtract",
                    "position": [
                        0,
                        345,
                        725
                    ],
                    "height": 800,
                    "transform": [
                        -4.371138828673793e-8,
                        -1,
                        0,
                        0,
                        0.9029756188392639,
                        -3.947031856910144e-8,
                        0.42969179153442383,
                        343.7534484863281,
                        -0.4296918213367462,
                        1.878242628094995e-8,
                        0.9029755592346191,
                        722.3804931640625
                    ],
                    "scale": [
                        1,
                        1,
                        1
                    ],
                    "rotation": 1.5707963705062866,
                    "weight": [
                        0,
                        0,
                        0,
                        0
                    ],
                    "weightHard": false,
                    "weightScale": [
                        1,
                        1,
                        1
                    ],
                    "mirrored": false,
                    "twinId": 0,
                    "flooded": false,
                    "pathable": false,
                    "mergeable": false,
                    "no_features": true
                },
                {
                    "spec": "/pa/terrain/metal/brushes/metal_trench_11_add.json",
                    "proj": "BP_Bend",
                    "op": "BO_Add",
                    "position": [
                        0,
                        345,
                        725
                    ],
                    "height": 800,
                    "transform": [
                        -4.371138828673793e-8,
                        -1,
                        0,
                        0,
                        0.9029756188392639,
                        -3.947031856910144e-8,
                        0.42969179153442383,
                        343.7534484863281,
                        -0.4296918213367462,
                        1.878242628094995e-8,
                        0.9029755592346191,
                        722.3804931640625
                    ],
                    "scale": [
                        1,
                        1,
                        1
                    ],
                    "rotation": 1.5707963705062866,
                    "weight": [
                        0,
                        0,
                        0,
                        0
                    ],
                    "weightHard": false,
                    "weightScale": [
                        1,
                        1,
                        1
                    ],
                    "mirrored": false,
                    "twinId": 0,
                    "flooded": false,
                    "pathable": false,
                    "mergeable": false,
                    "no_features": true
                },
                {
                    "spec": "/pa/terrain/metal/brushes/metal_trench_11_sub.json",
                    "proj": "BP_Bend",
                    "op": "BO_Subtract",
                    "position": [
                        0,
                        -345,
                        725
                    ],
                    "height": 800,
                    "transform": [
                        -4.371138828673793e-8,
                        -1,
                        0,
                        0,
                        0.9029756188392639,
                        -3.947031856910144e-8,
                        -0.42969179153442383,
                        -343.75341796875,
                        -0.4296918213367462,
                        1.878242628094995e-8,
                        -0.9029755592346191,
                        -722.3804931640625
                    ],
                    "scale": [
                        1,
                        1,
                        1
                    ],
                    "rotation": 1.5707963705062866,
                    "weight": [
                        0,
                        0,
                        0,
                        0
                    ],
                    "weightHard": false,
                    "weightScale": [
                        1,
                        1,
                        1
                    ],
                    "mirrored": true,
                    "twinId": 0,
                    "flooded": false,
                    "pathable": false,
                    "mergeable": false,
                    "no_features": true
                },
                {
                    "spec": "/pa/terrain/metal/brushes/metal_trench_11_add.json",
                    "proj": "BP_Bend",
                    "op": "BO_Add",
                    "position": [
                        0,
                        -345,
                        725
                    ],
                    "height": 800,
                    "transform": [
                        -4.371138828673793e-8,
                        -1,
                        0,
                        0,
                        0.9029756188392639,
                        -3.947031856910144e-8,
                        -0.42969179153442383,
                        -343.75341796875,
                        -0.4296918213367462,
                        1.878242628094995e-8,
                        -0.9029755592346191,
                        -722.3804931640625
                    ],
                    "scale": [
                        1,
                        1,
                        1
                    ],
                    "rotation": 1.5707963705062866,
                    "weight": [
                        0,
                        0,
                        0,
                        0
                    ],
                    "weightHard": false,
                    "weightScale": [
                        1,
                        1,
                        1
                    ],
                    "mirrored": true,
                    "twinId": 0,
                    "flooded": false,
                    "pathable": false,
                    "mergeable": false,
                    "no_features": true
                },
                {
                    "spec": "/pa/terrain/metal/brushes/metal_trench_11_sub.json",
                    "proj": "BP_Bend",
                    "op": "BO_Subtract",
                    "position": [
                        0,
                        345,
                        -725
                    ],
                    "height": 800,
                    "transform": [
                        -4.371138828673793e-8,
                        -1,
                        0,
                        0,
                        -0.9029755592346191,
                        3.947031501638776e-8,
                        0.42969197034835815,
                        343.75360107421875,
                        -0.42969200015068054,
                        1.8782433386377306e-8,
                        -0.9029754996299744,
                        -722.3804321289062
                    ],
                    "scale": [
                        1,
                        1,
                        1
                    ],
                    "rotation": 1.5707963705062866,
                    "weight": [
                        0,
                        0,
                        0,
                        0
                    ],
                    "weightHard": false,
                    "weightScale": [
                        1,
                        1,
                        1
                    ],
                    "mirrored": false,
                    "twinId": 0,
                    "flooded": false,
                    "pathable": false,
                    "mergeable": false,
                    "no_features": true
                },
                {
                    "spec": "/pa/terrain/metal/brushes/metal_trench_11_add.json",
                    "proj": "BP_Bend",
                    "op": "BO_Add",
                    "position": [
                        0,
                        345,
                        -725
                    ],
                    "height": 800,
                    "transform": [
                        -4.371138828673793e-8,
                        -1,
                        0,
                        0,
                        -0.9029755592346191,
                        3.947031501638776e-8,
                        0.42969197034835815,
                        343.75360107421875,
                        -0.42969200015068054,
                        1.8782433386377306e-8,
                        -0.9029754996299744,
                        -722.3804321289062
                    ],
                    "scale": [
                        1,
                        1,
                        1
                    ],
                    "rotation": 1.5707963705062866,
                    "weight": [
                        0,
                        0,
                        0,
                        0
                    ],
                    "weightHard": false,
                    "weightScale": [
                        1,
                        1,
                        1
                    ],
                    "mirrored": false,
                    "twinId": 0,
                    "flooded": false,
                    "pathable": false,
                    "mergeable": false,
                    "no_features": true
                },
                {
                    "spec": "/pa/terrain/metal/brushes/metal_trench_11_sub.json",
                    "proj": "BP_Bend",
                    "op": "BO_Subtract",
                    "position": [
                        0,
                        -345,
                        -725
                    ],
                    "height": 800,
                    "transform": [
                        -4.371138828673793e-8,
                        -1,
                        0,
                        0,
                        -0.9029755592346191,
                        3.947031501638776e-8,
                        -0.42969197034835815,
                        -343.7535705566406,
                        -0.42969200015068054,
                        1.8782433386377306e-8,
                        0.9029754996299744,
                        722.3804321289062
                    ],
                    "scale": [
                        1,
                        1,
                        1
                    ],
                    "rotation": 1.5707963705062866,
                    "weight": [
                        0,
                        0,
                        0,
                        0
                    ],
                    "weightHard": false,
                    "weightScale": [
                        1,
                        1,
                        1
                    ],
                    "mirrored": true,
                    "twinId": 0,
                    "flooded": false,
                    "pathable": false,
                    "mergeable": false,
                    "no_features": true
                },
                {
                    "spec": "/pa/terrain/metal/brushes/metal_trench_11_add.json",
                    "proj": "BP_Bend",
                    "op": "BO_Add",
                    "position": [
                        0,
                        -345,
                        -725
                    ],
                    "height": 800,
                    "transform": [
                        -4.371138828673793e-8,
                        -1,
                        0,
                        0,
                        -0.9029755592346191,
                        3.947031501638776e-8,
                        -0.42969197034835815,
                        -343.7535705566406,
                        -0.42969200015068054,
                        1.8782433386377306e-8,
                        0.9029754996299744,
                        722.3804321289062
                    ],
                    "scale": [
                        1,
                        1,
                        1
                    ],
                    "rotation": 1.5707963705062866,
                    "weight": [
                        0,
                        0,
                        0,
                        0
                    ],
                    "weightHard": false,
                    "weightScale": [
                        1,
                        1,
                        1
                    ],
                    "mirrored": true,
                    "twinId": 0,
                    "flooded": false,
                    "pathable": false,
                    "mergeable": false,
                    "no_features": true
                },
                {
                    "spec": "/pa/terrain/metal/brushes/metal_trench_11_sub.json",
                    "proj": "BP_Bend",
                    "op": "BO_Subtract",
                    "position": [
                        -725,
                        0,
                        345
                    ],
                    "height": 800,
                    "transform": [
                        -0.4296918511390686,
                        3.7564856114613576e-8,
                        -0.9029754996299744,
                        -722.38037109375,
                        -8.742277657347586e-8,
                        -1,
                        0,
                        0,
                        -0.9029754996299744,
                        7.894062292734816e-8,
                        0.4296918511390686,
                        343.75347900390625
                    ],
                    "scale": [
                        1,
                        1,
                        1
                    ],
                    "rotation": 3.1415927410125732,
                    "weight": [
                        0,
                        0,
                        0,
                        0
                    ],
                    "weightHard": false,
                    "weightScale": [
                        1,
                        1,
                        1
                    ],
                    "mirrored": false,
                    "twinId": 0,
                    "flooded": false,
                    "pathable": false,
                    "mergeable": false,
                    "no_features": true
                },
                {
                    "spec": "/pa/terrain/metal/brushes/metal_trench_11_add.json",
                    "proj": "BP_Bend",
                    "op": "BO_Add",
                    "position": [
                        -725,
                        0,
                        345
                    ],
                    "height": 800,
                    "transform": [
                        -0.4296918511390686,
                        3.7564856114613576e-8,
                        -0.9029754996299744,
                        -722.38037109375,
                        -8.742277657347586e-8,
                        -1,
                        0,
                        0,
                        -0.9029754996299744,
                        7.894062292734816e-8,
                        0.4296918511390686,
                        343.75347900390625
                    ],
                    "scale": [
                        1,
                        1,
                        1
                    ],
                    "rotation": 3.1415927410125732,
                    "weight": [
                        0,
                        0,
                        0,
                        0
                    ],
                    "weightHard": false,
                    "weightScale": [
                        1,
                        1,
                        1
                    ],
                    "mirrored": false,
                    "twinId": 0,
                    "flooded": false,
                    "pathable": false,
                    "mergeable": false,
                    "no_features": true
                },
                {
                    "spec": "/pa/terrain/metal/brushes/metal_trench_11_sub.json",
                    "proj": "BP_Bend",
                    "op": "BO_Subtract",
                    "position": [
                        725,
                        0,
                        345
                    ],
                    "height": 800,
                    "transform": [
                        -0.4296918511390686,
                        3.7564856114613576e-8,
                        0.9029754996299744,
                        722.38037109375,
                        -8.742277657347586e-8,
                        -1,
                        0,
                        0,
                        -0.9029754996299744,
                        7.894062292734816e-8,
                        -0.4296918511390686,
                        -343.75347900390625
                    ],
                    "scale": [
                        1,
                        1,
                        1
                    ],
                    "rotation": 3.1415927410125732,
                    "weight": [
                        0,
                        0,
                        0,
                        0
                    ],
                    "weightHard": false,
                    "weightScale": [
                        1,
                        1,
                        1
                    ],
                    "mirrored": true,
                    "twinId": 0,
                    "flooded": false,
                    "pathable": false,
                    "mergeable": false,
                    "no_features": true
                },
                {
                    "spec": "/pa/terrain/metal/brushes/metal_trench_11_add.json",
                    "proj": "BP_Bend",
                    "op": "BO_Add",
                    "position": [
                        725,
                        0,
                        345
                    ],
                    "height": 800,
                    "transform": [
                        -0.4296918511390686,
                        3.7564856114613576e-8,
                        0.9029754996299744,
                        722.38037109375,
                        -8.742277657347586e-8,
                        -1,
                        0,
                        0,
                        -0.9029754996299744,
                        7.894062292734816e-8,
                        -0.4296918511390686,
                        -343.75347900390625
                    ],
                    "scale": [
                        1,
                        1,
                        1
                    ],
                    "rotation": 3.1415927410125732,
                    "weight": [
                        0,
                        0,
                        0,
                        0
                    ],
                    "weightHard": false,
                    "weightScale": [
                        1,
                        1,
                        1
                    ],
                    "mirrored": true,
                    "twinId": 0,
                    "flooded": false,
                    "pathable": false,
                    "mergeable": false,
                    "no_features": true
                },
                {
                    "spec": "/pa/terrain/metal/brushes/metal_trench_11_sub.json",
                    "proj": "BP_Bend",
                    "op": "BO_Subtract",
                    "position": [
                        -725,
                        0,
                        -345
                    ],
                    "height": 800,
                    "transform": [
                        0.4296919107437134,
                        -3.7564859667327255e-8,
                        -0.9029756784439087,
                        -722.3805541992188,
                        -8.742277657347586e-8,
                        -1,
                        0,
                        0,
                        -0.9029756784439087,
                        7.894064424363023e-8,
                        -0.4296919107437134,
                        -343.7535400390625
                    ],
                    "scale": [
                        1,
                        1,
                        1
                    ],
                    "rotation": 3.1415927410125732,
                    "weight": [
                        0,
                        0,
                        0,
                        0
                    ],
                    "weightHard": false,
                    "weightScale": [
                        1,
                        1,
                        1
                    ],
                    "mirrored": false,
                    "twinId": 0,
                    "flooded": false,
                    "pathable": false,
                    "mergeable": false,
                    "no_features": true
                },
                {
                    "spec": "/pa/terrain/metal/brushes/metal_trench_11_add.json",
                    "proj": "BP_Bend",
                    "op": "BO_Add",
                    "position": [
                        -725,
                        0,
                        -345
                    ],
                    "height": 800,
                    "transform": [
                        0.4296919107437134,
                        -3.7564859667327255e-8,
                        -0.9029756784439087,
                        -722.3805541992188,
                        -8.742277657347586e-8,
                        -1,
                        0,
                        0,
                        -0.9029756784439087,
                        7.894064424363023e-8,
                        -0.4296919107437134,
                        -343.7535400390625
                    ],
                    "scale": [
                        1,
                        1,
                        1
                    ],
                    "rotation": 3.1415927410125732,
                    "weight": [
                        0,
                        0,
                        0,
                        0
                    ],
                    "weightHard": false,
                    "weightScale": [
                        1,
                        1,
                        1
                    ],
                    "mirrored": false,
                    "twinId": 0,
                    "flooded": false,
                    "pathable": false,
                    "mergeable": false,
                    "no_features": true
                },
                {
                    "spec": "/pa/terrain/metal/brushes/metal_trench_11_sub.json",
                    "proj": "BP_Bend",
                    "op": "BO_Subtract",
                    "position": [
                        725,
                        0,
                        -345
                    ],
                    "height": 800,
                    "transform": [
                        0.4296919107437134,
                        -3.7564859667327255e-8,
                        0.9029756784439087,
                        722.3804931640625,
                        -8.742277657347586e-8,
                        -1,
                        0,
                        0,
                        -0.9029756784439087,
                        7.894064424363023e-8,
                        0.4296919107437134,
                        343.7535400390625
                    ],
                    "scale": [
                        1,
                        1,
                        1
                    ],
                    "rotation": 3.1415927410125732,
                    "weight": [
                        0,
                        0,
                        0,
                        0
                    ],
                    "weightHard": false,
