{
    "name": "[ICARUS]The Blood Aqueduct 8v8 NS",
    "planets": [
        {
            "name": "The Blood Aqueduct",
            "mass": 5000,
            "position_x": 12624.29296875,
            "position_y": -9678.625,
            "velocity_x": 107.8687744140625,
            "velocity_y": 140.69839477539062,
            "required_thrust_to_move": 3,
            "starting_planet": true,
            "respawn": false,
            "start_destroyed": false,
            "min_spawn_delay": 0,
            "max_spawn_delay": 0,
            "planet": {
                "seed": 828974016,
                "radius": 701,
                "heightRange": 10,
                "waterHeight": 0,
                "waterDepth": 100,
                "temperature": 0,
                "metalDensity": 25,
                "metalClusters": 25,
                "metalSpotLimit": -1,
                "biomeScale": 50,
                "biome": "moon",
                "symmetryType": "terrain and CSG",
                "symmetricalMetal": true,
                "symmetricalStarts": false,
                "numArmies": 2,
                "landingZonesPerArmy": 0,
                "landingZoneSize": 0
            },
            "planetCSG": [
                {
                    "weight": [
                        0,
                        0,
                        0,
                        0
                    ],
                    "spec": "/pa/terrain/desert/brushes/desert_ruins_01.json",
                    "proj": "BP_Bend",
                    "transform": [
                        0.9997591376304626,
                        -0.00011218343570362777,
                        0.021947110071778297,
                        15.39139175415039,
                        -0.00011218343570362777,
                        0.999947726726532,
                        0.010221575386822224,
                        7.168336391448975,
                        -0.021947110071778297,
                        -0.010221575386822224,
                        0.9997068643569946,
                        701.089111328125
                    ],
                    "op": "BO_Add",
                    "rotation": 0,
                    "scale": [
                        1,
                        1,
                        1
                    ],
                    "height": 701.294677734375,
                    "position": [
                        15.391387939453125,
                        7.1683349609375,
                        701.089111328125
                    ],
                    "weightHard": false,
                    "weightScale": [
                        1,
                        1,
                        1
                    ],
                    "mirrored": false,
                    "twinId": 22,
                    "flooded": false,
                    "pathable": false,
                    "mergeable": false,
                    "no_features": true
                },
                {
                    "weight": [
                        0,
                        0,
                        0,
                        0
                    ],
                    "spec": "/pa/terrain/desert/brushes/desert_ruins_01.json",
                    "proj": "BP_Bend",
                    "transform": [
                        0.9997591376304626,
                        -0.00011218343570362777,
                        0.021947110071778297,
                        15.39139175415039,
                        -0.00011218343570362777,
                        0.999947726726532,
                        0.010221575386822224,
                        7.168336391448975,
                        0.021947110071778297,
                        0.010221575386822224,
                        -0.9997068643569946,
                        -701.0891723632812
                    ],
                    "op": "BO_Add",
                    "rotation": 0,
                    "scale": [
                        1,
                        1,
                        1
                    ],
                    "height": 701.294677734375,
                    "position": [
                        15.391387939453125,
                        7.1683349609375,
                        701.089111328125
                    ],
                    "weightHard": false,
                    "weightScale": [
                        1,
                        1,
                        1
                    ],
                    "mirrored": true,
                    "twinId": 22,
                    "flooded": false,
                    "pathable": false,
                    "mergeable": false,
                    "no_features": true
                },
                {
                    "weight": [
                        0,
                        0,
                        0,
                        0
                    ],
                    "spec": "/pa/terrain/desert/brushes/desert_t2_medium_long.json",
                    "proj": "BP_Bend",
                    "transform": [
                        0.8023849129676819,
                        0.3494735360145569,
                        0.4837837219238281,
                        337.4461364746094,
                        -0.2853083610534668,
                        0.9366082549095154,
                        -0.2033815085887909,
                        -141.86154174804688,
                        -0.5241922736167908,
                        0.025162696838378906,
                        0.8512281179428101,
                        593.743896484375
                    ],
                    "op": "BO_Add",
                    "rotation": -0.34999993443489075,
                    "scale": [
                        1,
                        1,
                        1
                    ],
                    "height": 697.5144653320312,
                    "position": [
                        337.4461364746094,
                        -141.86154174804688,
                        593.743896484375
                    ],
                    "weightHard": false,
                    "weightScale": [
                        1,
                        1,
                        1
                    ],
                    "mirrored": false,
                    "twinId": 26,
                    "flooded": false,
                    "pathable": true,
                    "mergeable": false,
                    "no_features": false
                },
                {
                    "weight": [
                        0,
                        0,
                        0,
                        0
                    ],
                    "spec": "/pa/terrain/desert/brushes/desert_t2_medium_long.json",
                    "proj": "BP_Bend",
                    "transform": [
                        0.8023849129676819,
                        0.3494735360145569,
                        0.4837837219238281,
                        337.4461364746094,
                        -0.2853083610534668,
                        0.9366082549095154,
                        -0.2033815085887909,
                        -141.86154174804688,
                        0.5241922736167908,
                        -0.025162696838378906,
                        -0.8512281179428101,
                        -593.743896484375
                    ],
                    "op": "BO_Add",
                    "rotation": -0.34999993443489075,
                    "scale": [
                        1,
                        1,
                        1
                    ],
                    "height": 697.5144653320312,
                    "position": [
                        337.4461364746094,
                        -141.86154174804688,
                        593.743896484375
                    ],
                    "weightHard": false,
                    "weightScale": [
                        1,
                        1,
                        1
                    ],
                    "mirrored": true,
                    "twinId": 26,
                    "flooded": false,
                    "pathable": true,
                    "mergeable": false,
                    "no_features": false
                },
                {
                    "weight": [
                        0,
                        0,
                        0,
                        0
                    ],
                    "spec": "/pa/terrain/desert/brushes/desert_metal_t2_medium_2_ramp.json",
                    "proj": "BP_Bend",
                    "transform": [
                        0.09416961669921875,
                        0.9678816795349121,
                        -0.2331031709909439,
                        -163.06350708007812,
                        -0.32630494236946106,
                        0.2512168884277344,
                        0.9112711548805237,
                        637.46484375,
                        0.9405621290206909,
                        -0.009751349687576294,
                        0.33948153257369995,
                        237.47874450683594
                    ],
                    "op": "BO_Add",
                    "rotation": -1.3099991083145142,
                    "scale": [
                        1,
                        1,
                        1
                    ],
                    "height": 699.5336303710938,
                    "position": [
                        -163.06350708007812,
                        637.46484375,
                        237.47869873046875
                    ],
                    "weightHard": false,
                    "weightScale": [
                        1,
                        1,
                        1
                    ],
                    "mirrored": false,
                    "twinId": 30,
                    "flooded": false,
                    "pathable": true,
                    "mergeable": false,
                    "no_features": true
                },
                {
                    "weight": [
                        0,
                        0,
                        0,
                        0
                    ],
                    "spec": "/pa/terrain/desert/brushes/desert_metal_t2_medium_2_ramp.json",
                    "proj": "BP_Bend",
                    "transform": [
                        0.09416961669921875,
                        0.9678816795349121,
                        -0.2331031709909439,
                        -163.06350708007812,
                        -0.32630494236946106,
                        0.2512168884277344,
                        0.9112711548805237,
                        637.46484375,
                        -0.9405621290206909,
                        0.009751349687576294,
                        -0.33948153257369995,
                        -237.47874450683594
                    ],
                    "op": "BO_Add",
                    "rotation": -1.3099991083145142,
                    "scale": [
                        1,
                        1,
                        1
                    ],
                    "height": 699.5336303710938,
                    "position": [
                        -163.06350708007812,
                        637.46484375,
                        237.47869873046875
                    ],
                    "weightHard": false,
                    "weightScale": [
                        1,
                        1,
                        1
                    ],
                    "mirrored": true,
                    "twinId": 30,
                    "flooded": false,
                    "pathable": true,
                    "mergeable": false,
                    "no_features": true
                },
                {
                    "weight": [
                        0,
                        0,
                        0,
                        0
                    ],
                    "spec": "/pa/terrain/mountain/brushes/mountain_crack_02.json",
                    "proj": "BP_Bend",
                    "transform": [
                        0.6466721296310425,
                        -0.668694257736206,
                        0.3669648766517639,
                        256.0163269042969,
                        -0.18533140420913696,
                        0.3289344310760498,
                        0.9259882569313049,
                        646.0239868164062,
                        -0.7399104237556458,
                        -0.6668208837509155,
                        0.0887826681137085,
                        61.94002151489258
                    ],
                    "op": "BO_Subtract",
                    "rotation": 0.45999982953071594,
                    "scale": [
                        1,
                        1,
                        1
                    ],
                    "height": 697.658935546875,
                    "position": [
                        256.016357421875,
                        646.0240478515625,
                        61.94004821777344
                    ],
                    "weightHard": false,
                    "weightScale": [
                        1,
                        1,
                        1
                    ],
                    "mirrored": false,
                    "twinId": 39,
                    "flooded": false,
                    "pathable": false,
                    "mergeable": false,
                    "no_features": true
                },
                {
                    "weight": [
                        0,
                        0,
                        0,
                        0
                    ],
                    "spec": "/pa/terrain/mountain/brushes/mountain_crack_02.json",
                    "proj": "BP_Bend",
                    "transform": [
                        0.6466721296310425,
                        -0.668694257736206,
                        0.3669648766517639,
                        256.0163269042969,
                        -0.18533140420913696,
                        0.3289344310760498,
                        0.9259882569313049,
                        646.0239868164062,
                        0.7399104237556458,
                        0.6668208837509155,
                        -0.0887826681137085,
                        -61.94002151489258
                    ],
                    "op": "BO_Subtract",
                    "rotation": 0.45999982953071594,
                    "scale": [
                        1,
                        1,
                        1
                    ],
                    "height": 697.658935546875,
                    "position": [
                        256.016357421875,
                        646.0240478515625,
                        61.94004821777344
                    ],
                    "weightHard": false,
                    "weightScale": [
                        1,
                        1,
                        1
                    ],
                    "mirrored": true,
                    "twinId": 39,
                    "flooded": false,
                    "pathable": false,
                    "mergeable": false,
                    "no_features": true
                },
                {
                    "weight": [
                        0,
                        0,
                        0,
                        0
                    ],
                    "spec": "/pa/terrain/mountain/brushes/mountain_crack_03.json",
                    "proj": "BP_Bend",
                    "transform": [
                        0.5701785087585449,
                        -0.5318297743797302,
                        0.6261417865753174,
                        438.91162109375,
                        -0.2705874443054199,
                        0.5980666875839233,
                        0.754386305809021,
                        528.8082275390625,
                        -0.7756796479225159,
                        -0.5995609760284424,
                        0.1970982551574707,
                        138.1615447998047
                    ],
                    "op": "BO_Subtract",
                    "rotation": 0.2200000286102295,
                    "scale": [
                        1,
                        1,
                        1
                    ],
                    "height": 700.97802734375,
                    "position": [
                        438.91162109375,
                        528.8082275390625,
                        138.16156005859375
                    ],
                    "weightHard": false,
                    "weightScale": [
                        1,
                        1,
                        1
                    ],
                    "mirrored": false,
                    "twinId": 40,
                    "flooded": false,
                    "pathable": false,
                    "mergeable": false,
                    "no_features": true
                },
                {
                    "weight": [
                        0,
                        0,
                        0,
                        0
                    ],
                    "spec": "/pa/terrain/mountain/brushes/mountain_crack_03.json",
                    "proj": "BP_Bend",
                    "transform": [
                        0.5701785087585449,
                        -0.5318297743797302,
                        0.6261417865753174,
                        438.91162109375,
                        -0.2705874443054199,
                        0.5980666875839233,
                        0.754386305809021,
                        528.8082275390625,
                        0.7756796479225159,
                        0.5995609760284424,
                        -0.1970982551574707,
                        -138.1615447998047
                    ],
                    "op": "BO_Subtract",
                    "rotation": 0.2200000286102295,
                    "scale": [
                        1,
                        1,
                        1
                    ],
                    "height": 700.97802734375,
                    "position": [
                        438.91162109375,
                        528.8082275390625,
                        138.16156005859375
                    ],
                    "weightHard": false,
                    "weightScale": [
                        1,
                        1,
                        1
                    ],
                    "mirrored": true,
                    "twinId": 40,
                    "flooded": false,
                    "pathable": false,
                    "mergeable": false,
                    "no_features": true
                },
                {
                    "weight": [
                        0,
                        0,
                        0,
                        0
                    ],
                    "spec": "/pa/terrain/mountain/brushes/mountain_crack_01.json",
                    "proj": "BP_Bend",
                    "transform": [
                        0.622390866279602,
                        -0.6433266401290894,
                        0.4458256959915161,
                        311.75103759765625,
                        0.24198304116725922,
                        0.6998445987701416,
                        0.6720578670501709,
                        469.9476623535156,
                        -0.744361400604248,
                        -0.3104003965854645,
                        0.591251015663147,
                        413.442138671875
                    ],
                    "op": "BO_Subtract",
                    "rotation": 0.5899997353553772,
                    "scale": [
                        1,
                        1,
                        1
                    ],
                    "height": 699.2666625976562,
                    "position": [
                        311.75103759765625,
                        469.9476318359375,
                        413.442138671875
                    ],
                    "weightHard": false,
                    "weightScale": [
                        1,
                        1,
                        1
                    ],
                    "mirrored": false,
                    "twinId": 41,
                    "flooded": false,
                    "pathable": false,
                    "mergeable": false,
                    "no_features": true
                },
                {
                    "weight": [
                        0,
                        0,
                        0,
                        0
                    ],
                    "spec": "/pa/terrain/mountain/brushes/mountain_crack_01.json",
                    "proj": "BP_Bend",
                    "transform": [
                        0.622390866279602,
                        -0.6433266401290894,
                        0.4458256959915161,
                        311.75103759765625,
                        0.24198304116725922,
                        0.6998445987701416,
                        0.6720578670501709,
                        469.9476623535156,
                        0.744361400604248,
                        0.3104003965854645,
                        -0.591251015663147,
                        -413.4421081542969
                    ],
                    "op": "BO_Subtract",
                    "rotation": 0.5899997353553772,
                    "scale": [
                        1,
                        1,
                        1
                    ],
                    "height": 699.2666625976562,
                    "position": [
                        311.75103759765625,
                        469.9476318359375,
                        413.442138671875
                    ],
                    "weightHard": false,
                    "weightScale": [
                        1,
                        1,
                        1
                    ],
                    "mirrored": true,
                    "twinId": 41,
                    "flooded": false,
                    "pathable": false,
                    "mergeable": false,
                    "no_features": true
                },
                {
                    "weight": [
                        0,
                        0,
                        0,
                        0
                    ],
                    "spec": "/pa/terrain/mountain/brushes/mountain_metal_t1_pit_2_ramp.json",
                    "proj": "BP_Bend",
                    "transform": [
                        -0.24715927243232727,
                        0.13348892331123352,
                        0.9597358107566833,
                        678.3724975585938,
                        0.013473659753799438,
                        0.990842878818512,
                        -0.13434572517871857,
                        -94.95993041992188,
                        -0.9688810706138611,
                        -0.02027362585067749,
                        -0.24669456481933594,
                        -174.37173461914062
                    ],
                    "op": "BO_Subtract",
                    "rotation": -0.1599999964237213,
                    "scale": [
                        1,
                        1,
                        1
                    ],
                    "height": 706.83251953125,
                    "position": [
                        678.37255859375,
                        -94.95993041992188,
                        -174.371826171875
                    ],
                    "weightHard": false,
                    "weightScale": [
                        1,
                        1,
                        1
                    ],
                    "mirrored": false,
                    "twinId": 42,
                    "flooded": false,
                    "pathable": true,
                    "mergeable": false,
                    "no_features": true
                },
                {
                    "weight": [
                        0,
                        0,
                        0,
                        0
                    ],
                    "spec": "/pa/terrain/mountain/brushes/mountain_metal_t1_pit_2_ramp.json",
                    "proj": "BP_Bend",
                    "transform": [
                        -0.24715927243232727,
                        0.13348892331123352,
                        0.9597358107566833,
                        678.3724975585938,
                        0.013473659753799438,
                        0.990842878818512,
                        -0.13434572517871857,
                        -94.95993041992188,
                        0.9688810706138611,
                        0.02027362585067749,
                        0.24669456481933594,
                        174.37173461914062
                    ],
                    "op": "BO_Subtract",
                    "rotation": -0.1599999964237213,
                    "scale": [
                        1,
                        1,
                        1
                    ],
                    "height": 706.83251953125,
                    "position": [
                        678.37255859375,
                        -94.95993041992188,
                        -174.371826171875
                    ],
                    "weightHard": false,
                    "weightScale": [
                        1,
                        1,
                        1
                    ],
                    "mirrored": true,
                    "twinId": 42,
                    "flooded": false,
                    "pathable": true,
                    "mergeable": false,
                    "no_features": true
                },
                {
                    "weight": [
                        0,
                        0,
                        0,
                        0
                    ],
                    "spec": "/pa/terrain/mountain/brushes/mountain_metal_t2_small_2_ramp.json",
                    "proj": "BP_Bend",
                    "transform": [
                        0.32506313920021057,
                        -0.25283926725387573,
                        0.9112662076950073,
                        639.543212890625,
                        -0.9455726742744446,
                        -0.07156974077224731,
                        0.31744304299354553,
                        222.78729248046875,
                        -0.015042990446090698,
                        -0.9648574590682983,
                        -0.26234257221221924,
                        -184.11679077148438
                    ],
                    "op": "BO_Add",
                    "rotation": -1.2199991941452026,
                    "scale": [
                        1,
                        1,
                        1
                    ],
                    "height": 701.8181762695312,
                    "position": [
                        639.543212890625,
                        222.78729248046875,
                        -184.11697387695312
                    ],
                    "weightHard": false,
                    "weightScale": [
                        1,
                        1,
                        1
                    ],
                    "mirrored": false,
                    "twinId": 46,
                    "flooded": false,
                    "pathable": true,
                    "mergeable": false,
                    "no_features": true
                },
                {
                    "weight": [
                        0,
                        0,
                        0,
                        0
                    ],
                    "spec": "/pa/terrain/mountain/brushes/mountain_metal_t2_small_2_ramp.json",
                    "proj": "BP_Bend",
                    "transform": [
                        0.32506313920021057,
                        -0.25283926725387573,
                        0.9112662076950073,
                        639.543212890625,
                        -0.9455726742744446,
                        -0.07156974077224731,
                        0.31744304299354553,
                        222.78729248046875,
                        0.015042990446090698,
                        0.9648574590682983,
                        0.26234257221221924,
                        184.11679077148438
                    ],
                    "op": "BO_Add",
                    "rotation": -1.2199991941452026,
                    "scale": [
                        1,
                        1,
                        1
                    ],
                    "height": 701.8181762695312,
                    "position": [
                        639.543212890625,
                        222.78729248046875,
                        -184.11697387695312
                    ],
                    "weightHard": false,
                    "weightScale": [
                        1,
                        1,
                        1
                    ],
                    "mirrored": true,
                    "twinId": 46,
                    "flooded": false,
                    "pathable": true,
                    "mergeable": false,
                    "no_features": true
                },
                {
                    "weight": [
                        0,
                        0,
                        0,
                        0
                    ],
                    "spec": "/pa/terrain/mountain/brushes/mountain_metal_t2_small_2_ramp.json",
                    "proj": "BP_Bend",
                    "transform": [
                        0.6279008984565735,
                        0.18660695850849152,
                        0.7555913925170898,
                        527.0736083984375,
                        0.7777400016784668,
                        -0.18704378604888916,
                        -0.6001126766204834,
                        -418.6171875,
                        0.029343515634536743,
                        0.9644649028778076,
                        -0.2625765800476074,
                        -183.1640625
                    ],
                    "op": "BO_Add",
                    "rotation": 0.9299994111061096,
                    "scale": [
                        1,
                        1,
                        1
                    ],
                    "height": 697.5643310546875,
                    "position": [
                        527.0736083984375,
                        -418.6171875,
                        -183.16404724121094
                    ],
                    "weightHard": false,
                    "weightScale": [
                        1,
                        1,
                        1
                    ],
                    "mirrored": false,
                    "twinId": 49,
                    "flooded": false,
                    "pathable": true,
                    "mergeable": false,
                    "no_features": true
                },
                {
                    "weight": [
                        0,
                        0,
                        0,
                        0
                    ],
                    "spec": "/pa/terrain/mountain/brushes/mountain_metal_t2_small_2_ramp.json",
                    "proj": "BP_Bend",
                    "transform": [
                        0.6279008984565735,
                        0.18660695850849152,
                        0.7555913925170898,
                        527.0736083984375,
                        0.7777400016784668,
                        -0.18704378604888916,
                        -0.6001126766204834,
                        -418.6171875,
                        -0.029343515634536743,
                        -0.9644649028778076,
                        0.2625765800476074,
                        183.16407775878906
                    ],
                    "op": "BO_Add",
                    "rotation": 0.9299994111061096,
                    "scale": [
                        1,
                        1,
                        1
                    ],
                    "height": 697.5643310546875,
                    "position": [
                        527.0736083984375,
                        -418.6171875,
                        -183.16404724121094
                    ],
                    "weightHard": false,
                    "weightScale": [
                        1,
                        1,
                        1
                    ],
                    "mirrored": true,
                    "twinId": 49,
                    "flooded": false,
                    "pathable": true,
                    "mergeable": false,
                    "no_features": true
                },
                {
                    "weight": [
                        0,
                        0,
                        0,
                        0
                    ],
                    "spec": "/pa/terrain/mountain/brushes/mountain_metal_t2_small_2_ramp.json",
                    "proj": "BP_Bend",
                    "transform": [
                        0.8381446599960327,
                        0.14625880122184753,
                        0.5254731178283691,
                        365.8056945800781,
                        0.5454224348068237,
                        -0.2153935730457306,
                        -0.8100124001502991,
                        -563.8864135742188,
                        -0.005287915468215942,
                        0.9655123949050903,
                        -0.2603037357330322,
                        -181.20924377441406
                    ],
                    "op": "BO_Add",
                    "rotation": 0.5699997544288635,
                    "scale": [
                        1,
                        1,
                        1
                    ],
                    "height": 696.1453857421875,
                    "position": [
                        365.8056640625,
                        -563.8863525390625,
                        -181.20919799804688
                    ],
                    "weightHard": false,
                    "weightScale": [
                        1,
                        1,
                        1
                    ],
                    "mirrored": false,
                    "twinId": 50,
                    "flooded": false,
                    "pathable": true,
                    "mergeable": false,
                    "no_features": true
                },
                {
                    "weight": [
                        0,
                        0,
                        0,
                        0
                    ],
                    "spec": "/pa/terrain/mountain/brushes/mountain_metal_t2_small_2_ramp.json",
                    "proj": "BP_Bend",
                    "transform": [
                        0.8381446599960327,
                        0.14625880122184753,
                        0.5254731178283691,
                        365.8056640625,
                        0.5454224348068237,
                        -0.2153935730457306,
                        -0.8100124001502991,
                        -563.8864135742188,
                        0.005287915468215942,
                        -0.9655123949050903,
                        0.2603037357330322,
                        181.20924377441406
                    ],
                    "op": "BO_Add",
                    "rotation": 0.5699997544288635,
                    "scale": [
                        1,
                        1,
                        1
                    ],
                    "height": 696.1453857421875,
                    "position": [
                        365.8056640625,
                        -563.8863525390625,
                        -181.20919799804688
                    ],
                    "weightHard": false,
                    "weightScale": [
                        1,
                        1,
                        1
                    ],
                    "mirrored": true,
                    "twinId": 50,
                    "flooded": false,
                    "pathable": true,
                    "mergeable": false,
                    "no_features": true
                },
                {
                    "weight": [
                        0,
                        0,
                        0,
                        0
                    ],
                    "spec": "/pa/terrain/mountain/brushes/mountain_metal_t2_small_2_ramp.json",
                    "proj": "BP_Bend",
                    "transform": [
                        0.9749279022216797,
                        0.04031305015087128,
                        0.21883894503116608,
                        151.654052734375,
                        0.2216075211763382,
                        -0.2649213373661041,
                        -0.9384598135948181,
                        -650.346923828125,
                        0.020142927765846252,
                        0.9634270071983337,
                        -0.2672128677368164,
                        -185.1768798828125
                    ],
                    "op": "BO_Add",
                    "rotation": 0.2500000298023224,
                    "scale": [
                        1,
                        1,
                        1
                    ],
                    "height": 692.993896484375,
                    "position": [
                        151.654052734375,
                        -650.346923828125,
                        -185.1768798828125
                    ],
                    "weightHard": false,
                    "weightScale": [
                        1,
                        1,
                        1
                    ],
                    "mirrored": false,
                    "twinId": 51,
                    "flooded": false,
                    "pathable": true,
                    "mergeable": false,
                    "no_features": true
                },
                {
                    "weight": [
                        0,
                        0,
                        0,
                        0
                    ],
                    "spec": "/pa/terrain/mountain/brushes/mountain_metal_t2_small_2_ramp.json",
                    "proj": "BP_Bend",
                    "transform": [
                        0.9749279022216797,
                        0.04031305015087128,
                        0.21883894503116608,
                        151.654052734375,
                        0.2216075211763382,
                        -0.2649213373661041,
                        -0.9384598135948181,
                        -650.346923828125,
                        -0.020142927765846252,
                        -0.9634270071983337,
                        0.2672128677368164,
                        185.1768798828125
                    ],
                    "op": "BO_Add",
                    "rotation": 0.2500000298023224,
                    "scale": [
                        1,
                        1,
                        1
                    ],
                    "height": 692.993896484375,
                    "position": [
                        151.654052734375,
                        -650.346923828125,
                        -185.1768798828125
