{
    "name": "The Blood Aqueduct 8v8 NS",
    "description": "8v8 unshared moon with high metal density. Mirrored North vs South, with sequential spawns, but spawns are unique for each player per team.",
    "version": "1.11",
    "creator": "Dissonant",
    "players": [
        16,
        16
    ],
    "planets": [
        {
            "name": "The Blood Aqueduct",
            "mass": 5000,
            "position_x": 20215.69921875,
            "position_y": -15498.705078125,
            "velocity_x": 85.24224853515625,
            "velocity_y": 111.18553161621094,
            "required_thrust_to_move": 3,
            "starting_planet": true,
            "respawn": false,
            "start_destroyed": false,
            "min_spawn_delay": 0,
            "max_spawn_delay": 0,
            "planet": {
                "seed": 828974016,
                "radius": 701,
                "heightRange": 10,
                "waterHeight": 0,
                "waterDepth": 100,
                "temperature": 0,
                "metalDensity": 25,
                "metalClusters": 25,
                "metalSpotLimit": -1,
                "biomeScale": 50,
                "biome": "moon",
                "symmetryType": "terrain and CSG",
                "symmetricalMetal": true,
                "symmetricalStarts": false,
                "numArmies": 2,
                "landingZonesPerArmy": 0,
                "landingZoneSize": 0
            },
            "planetCSG": [
                {
                    "spec": "/pa/terrain/desert/brushes/desert_ruins_01.json",
                    "weight": [
                        0,
                        0,
                        0,
                        0
                    ],
                    "proj": "BP_Bend",
                    "op": "BO_Add",
                    "transform": [
                        0.9997591376304626,
                        -0.00011218343570362777,
                        0.021947110071778297,
                        15.39139175415039,
                        -0.00011218343570362777,
                        0.999947726726532,
                        0.010221575386822224,
                        7.168336391448975,
                        -0.021947110071778297,
                        -0.010221575386822224,
                        0.9997068643569946,
                        701.089111328125
                    ],
                    "scale": [
                        1,
                        1,
                        1
                    ],
                    "rotation": 0,
                    "position": [
                        15.391387939453125,
                        7.1683349609375,
                        701.089111328125
                    ],
                    "height": 701.294677734375,
                    "weightHard": false,
                    "weightScale": [
                        1,
                        1,
                        1
                    ],
                    "mirrored": false,
                    "twinId": 22,
                    "flooded": false,
                    "pathable": false,
                    "mergeable": false,
                    "no_features": true
                },
                {
                    "spec": "/pa/terrain/desert/brushes/desert_ruins_01.json",
                    "weight": [
                        0,
                        0,
                        0,
                        0
                    ],
                    "proj": "BP_Bend",
                    "op": "BO_Add",
                    "transform": [
                        0.9997591376304626,
                        -0.00011218343570362777,
                        0.021947110071778297,
                        15.39139175415039,
                        -0.00011218343570362777,
                        0.999947726726532,
                        0.010221575386822224,
                        7.168336391448975,
                        0.021947110071778297,
                        0.010221575386822224,
                        -0.9997068643569946,
                        -701.0891723632812
                    ],
                    "scale": [
                        1,
                        1,
                        1
                    ],
                    "rotation": 0,
                    "position": [
                        15.391387939453125,
                        7.1683349609375,
                        701.089111328125
                    ],
                    "height": 701.294677734375,
                    "weightHard": false,
                    "weightScale": [
                        1,
                        1,
                        1
                    ],
                    "mirrored": true,
                    "twinId": 22,
                    "flooded": false,
                    "pathable": false,
                    "mergeable": false,
                    "no_features": true
                },
                {
                    "spec": "/pa/terrain/desert/brushes/desert_t2_medium_long.json",
                    "weight": [
                        0,
                        0,
                        0,
                        0
                    ],
                    "proj": "BP_Bend",
                    "op": "BO_Add",
                    "transform": [
                        0.8023849129676819,
                        0.3494735360145569,
                        0.4837837219238281,
                        337.4461364746094,
                        -0.2853083610534668,
                        0.9366082549095154,
                        -0.2033815085887909,
                        -141.86154174804688,
                        -0.5241922736167908,
                        0.025162696838378906,
                        0.8512281179428101,
                        593.743896484375
                    ],
                    "scale": [
                        1,
                        1,
                        1
                    ],
                    "rotation": -0.34999993443489075,
                    "position": [
                        337.4461364746094,
                        -141.86154174804688,
                        593.743896484375
                    ],
                    "height": 697.5144653320312,
                    "weightHard": false,
                    "weightScale": [
                        1,
                        1,
                        1
                    ],
                    "mirrored": false,
                    "twinId": 26,
                    "flooded": false,
                    "pathable": true,
                    "mergeable": false,
                    "no_features": false
                },
                {
                    "spec": "/pa/terrain/desert/brushes/desert_t2_medium_long.json",
                    "weight": [
                        0,
                        0,
                        0,
                        0
                    ],
                    "proj": "BP_Bend",
                    "op": "BO_Add",
                    "transform": [
                        0.8023849129676819,
                        0.3494735360145569,
                        0.4837837219238281,
                        337.4461364746094,
                        -0.2853083610534668,
                        0.9366082549095154,
                        -0.2033815085887909,
                        -141.86154174804688,
                        0.5241922736167908,
                        -0.025162696838378906,
                        -0.8512281179428101,
                        -593.743896484375
                    ],
                    "scale": [
                        1,
                        1,
                        1
                    ],
                    "rotation": -0.34999993443489075,
                    "position": [
                        337.4461364746094,
                        -141.86154174804688,
                        593.743896484375
                    ],
                    "height": 697.5144653320312,
                    "weightHard": false,
                    "weightScale": [
                        1,
                        1,
                        1
                    ],
                    "mirrored": true,
                    "twinId": 26,
                    "flooded": false,
                    "pathable": true,
                    "mergeable": false,
                    "no_features": false
                },
                {
                    "spec": "/pa/terrain/desert/brushes/desert_metal_t2_medium_2_ramp.json",
                    "weight": [
                        0,
                        0,
                        0,
                        0
                    ],
                    "proj": "BP_Bend",
                    "op": "BO_Add",
                    "transform": [
                        0.09416961669921875,
                        0.9678816795349121,
                        -0.2331031709909439,
                        -163.06350708007812,
                        -0.32630494236946106,
                        0.2512168884277344,
                        0.9112711548805237,
                        637.46484375,
                        0.9405621290206909,
                        -0.009751349687576294,
                        0.33948153257369995,
                        237.47874450683594
                    ],
                    "scale": [
                        1,
                        1,
                        1
                    ],
                    "rotation": -1.3099991083145142,
                    "position": [
                        -163.06350708007812,
                        637.46484375,
                        237.47869873046875
                    ],
                    "height": 699.5336303710938,
                    "weightHard": false,
                    "weightScale": [
                        1,
                        1,
                        1
                    ],
                    "mirrored": false,
                    "twinId": 30,
                    "flooded": false,
                    "pathable": true,
                    "mergeable": false,
                    "no_features": true
                },
                {
                    "spec": "/pa/terrain/desert/brushes/desert_metal_t2_medium_2_ramp.json",
                    "weight": [
                        0,
                        0,
                        0,
                        0
                    ],
                    "proj": "BP_Bend",
                    "op": "BO_Add",
                    "transform": [
                        0.09416961669921875,
                        0.9678816795349121,
                        -0.2331031709909439,
                        -163.06350708007812,
                        -0.32630494236946106,
                        0.2512168884277344,
                        0.9112711548805237,
                        637.46484375,
                        -0.9405621290206909,
                        0.009751349687576294,
                        -0.33948153257369995,
                        -237.47874450683594
                    ],
                    "scale": [
                        1,
                        1,
                        1
                    ],
                    "rotation": -1.3099991083145142,
                    "position": [
                        -163.06350708007812,
                        637.46484375,
                        237.47869873046875
                    ],
                    "height": 699.5336303710938,
                    "weightHard": false,
                    "weightScale": [
                        1,
                        1,
                        1
                    ],
                    "mirrored": true,
                    "twinId": 30,
                    "flooded": false,
                    "pathable": true,
                    "mergeable": false,
                    "no_features": true
                },
                {
                    "spec": "/pa/terrain/mountain/brushes/mountain_crack_02.json",
                    "weight": [
                        0,
                        0,
                        0,
                        0
                    ],
                    "proj": "BP_Bend",
                    "op": "BO_Subtract",
                    "transform": [
                        0.6466721296310425,
                        -0.668694257736206,
                        0.3669648766517639,
                        256.0163269042969,
                        -0.18533140420913696,
                        0.3289344310760498,
                        0.9259882569313049,
                        646.0239868164062,
                        -0.7399104237556458,
                        -0.6668208837509155,
                        0.0887826681137085,
                        61.94002151489258
                    ],
                    "scale": [
                        1,
                        1,
                        1
                    ],
                    "rotation": 0.45999982953071594,
                    "position": [
                        256.016357421875,
                        646.0240478515625,
                        61.94004821777344
                    ],
                    "height": 697.658935546875,
                    "weightHard": false,
                    "weightScale": [
                        1,
                        1,
                        1
                    ],
                    "mirrored": false,
                    "twinId": 39,
                    "flooded": false,
                    "pathable": false,
                    "mergeable": false,
                    "no_features": true
                },
                {
                    "spec": "/pa/terrain/mountain/brushes/mountain_crack_02.json",
                    "weight": [
                        0,
                        0,
                        0,
                        0
                    ],
                    "proj": "BP_Bend",
                    "op": "BO_Subtract",
                    "transform": [
                        0.6466721296310425,
                        -0.668694257736206,
                        0.3669648766517639,
                        256.0163269042969,
                        -0.18533140420913696,
                        0.3289344310760498,
                        0.9259882569313049,
                        646.0239868164062,
                        0.7399104237556458,
                        0.6668208837509155,
                        -0.0887826681137085,
                        -61.94002151489258
                    ],
                    "scale": [
                        1,
                        1,
                        1
                    ],
                    "rotation": 0.45999982953071594,
                    "position": [
                        256.016357421875,
                        646.0240478515625,
                        61.94004821777344
                    ],
                    "height": 697.658935546875,
                    "weightHard": false,
                    "weightScale": [
                        1,
                        1,
                        1
                    ],
                    "mirrored": true,
                    "twinId": 39,
                    "flooded": false,
                    "pathable": false,
                    "mergeable": false,
                    "no_features": true
                },
                {
                    "spec": "/pa/terrain/mountain/brushes/mountain_crack_03.json",
                    "weight": [
                        0,
                        0,
                        0,
                        0
                    ],
                    "proj": "BP_Bend",
                    "op": "BO_Subtract",
                    "transform": [
                        0.5701785087585449,
                        -0.5318297743797302,
                        0.6261417865753174,
                        438.91162109375,
                        -0.2705874443054199,
                        0.5980666875839233,
                        0.754386305809021,
                        528.8082275390625,
                        -0.7756796479225159,
                        -0.5995609760284424,
                        0.1970982551574707,
                        138.1615447998047
                    ],
                    "scale": [
                        1,
                        1,
                        1
                    ],
                    "rotation": 0.2200000286102295,
                    "position": [
                        438.91162109375,
                        528.8082275390625,
                        138.16156005859375
                    ],
                    "height": 700.97802734375,
                    "weightHard": false,
                    "weightScale": [
                        1,
                        1,
                        1
                    ],
                    "mirrored": false,
                    "twinId": 40,
                    "flooded": false,
                    "pathable": false,
                    "mergeable": false,
                    "no_features": true
                },
                {
                    "spec": "/pa/terrain/mountain/brushes/mountain_crack_03.json",
                    "weight": [
                        0,
                        0,
                        0,
                        0
                    ],
                    "proj": "BP_Bend",
                    "op": "BO_Subtract",
                    "transform": [
                        0.5701785087585449,
                        -0.5318297743797302,
                        0.6261417865753174,
                        438.91162109375,
                        -0.2705874443054199,
                        0.5980666875839233,
                        0.754386305809021,
                        528.8082275390625,
                        0.7756796479225159,
                        0.5995609760284424,
                        -0.1970982551574707,
                        -138.1615447998047
                    ],
                    "scale": [
                        1,
                        1,
                        1
                    ],
                    "rotation": 0.2200000286102295,
                    "position": [
                        438.91162109375,
                        528.8082275390625,
                        138.16156005859375
                    ],
                    "height": 700.97802734375,
                    "weightHard": false,
                    "weightScale": [
                        1,
                        1,
                        1
                    ],
                    "mirrored": true,
                    "twinId": 40,
                    "flooded": false,
                    "pathable": false,
                    "mergeable": false,
                    "no_features": true
                },
                {
                    "spec": "/pa/terrain/mountain/brushes/mountain_crack_01.json",
                    "weight": [
                        0,
                        0,
                        0,
                        0
                    ],
                    "proj": "BP_Bend",
                    "op": "BO_Subtract",
                    "transform": [
                        0.622390866279602,
                        -0.6433266401290894,
                        0.4458256959915161,
                        311.75103759765625,
                        0.24198304116725922,
                        0.6998445987701416,
                        0.6720578670501709,
                        469.9476623535156,
                        -0.744361400604248,
                        -0.3104003965854645,
                        0.591251015663147,
                        413.442138671875
                    ],
                    "scale": [
                        1,
                        1,
                        1
                    ],
                    "rotation": 0.5899997353553772,
                    "position": [
                        311.75103759765625,
                        469.9476318359375,
                        413.442138671875
                    ],
                    "height": 699.2666625976562,
                    "weightHard": false,
                    "weightScale": [
                        1,
                        1,
                        1
                    ],
                    "mirrored": false,
                    "twinId": 41,
                    "flooded": false,
                    "pathable": false,
                    "mergeable": false,
                    "no_features": true
                },
                {
                    "spec": "/pa/terrain/mountain/brushes/mountain_crack_01.json",
                    "weight": [
                        0,
                        0,
                        0,
                        0
                    ],
                    "proj": "BP_Bend",
                    "op": "BO_Subtract",
                    "transform": [
                        0.622390866279602,
                        -0.6433266401290894,
                        0.4458256959915161,
                        311.75103759765625,
                        0.24198304116725922,
                        0.6998445987701416,
                        0.6720578670501709,
                        469.9476623535156,
                        0.744361400604248,
                        0.3104003965854645,
                        -0.591251015663147,
                        -413.4421081542969
                    ],
                    "scale": [
                        1,
                        1,
                        1
                    ],
                    "rotation": 0.5899997353553772,
                    "position": [
                        311.75103759765625,
                        469.9476318359375,
                        413.442138671875
                    ],
                    "height": 699.2666625976562,
                    "weightHard": false,
                    "weightScale": [
                        1,
                        1,
                        1
                    ],
                    "mirrored": true,
                    "twinId": 41,
                    "flooded": false,
                    "pathable": false,
                    "mergeable": false,
                    "no_features": true
                },
                {
                    "spec": "/pa/terrain/mountain/brushes/mountain_metal_t1_pit_2_ramp.json",
                    "weight": [
                        0,
                        0,
                        0,
                        0
                    ],
                    "proj": "BP_Bend",
                    "op": "BO_Subtract",
                    "transform": [
                        -0.2450062483549118,
                        0.1242494285106659,
                        0.9615270495414734,
                        679.7106323242188,
                        0.00372140109539032,
                        0.9918673038482666,
                        -0.12722179293632507,
                        -89.93403625488281,
                        -0.9695144295692444,
                        -0.027591928839683533,
                        -0.2434760332107544,
                        -172.11502075195312
                    ],
                    "scale": [
                        1,
                        1,
                        1
                    ],
                    "rotation": -0.15999998152256012,
                    "position": [
                        679.7105712890625,
                        -89.93402099609375,
                        -172.11505126953125
                    ],
                    "height": 706.907470703125,
                    "weightHard": false,
                    "weightScale": [
                        1,
                        1,
                        1
                    ],
                    "mirrored": false,
                    "twinId": 42,
                    "flooded": false,
                    "pathable": true,
                    "mergeable": false,
                    "no_features": true
                },
                {
                    "spec": "/pa/terrain/mountain/brushes/mountain_metal_t1_pit_2_ramp.json",
                    "weight": [
                        0,
                        0,
                        0,
                        0
                    ],
                    "proj": "BP_Bend",
                    "op": "BO_Subtract",
                    "transform": [
                        -0.2450062483549118,
                        0.1242494285106659,
                        0.9615270495414734,
                        679.7106323242188,
                        0.00372140109539032,
                        0.9918673038482666,
                        -0.12722179293632507,
                        -89.93403625488281,
                        0.9695144295692444,
                        0.027591928839683533,
                        0.2434760332107544,
                        172.11502075195312
                    ],
                    "scale": [
                        1,
                        1,
                        1
                    ],
                    "rotation": -0.15999998152256012,
                    "position": [
                        679.7105712890625,
                        -89.93402099609375,
                        -172.11505126953125
                    ],
                    "height": 706.907470703125,
                    "weightHard": false,
                    "weightScale": [
                        1,
                        1,
                        1
                    ],
                    "mirrored": true,
                    "twinId": 42,
                    "flooded": false,
                    "pathable": true,
                    "mergeable": false,
                    "no_features": true
                },
                {
                    "spec": "/pa/terrain/mountain/brushes/mountain_metal_t2_small_2_ramp.json",
                    "weight": [
                        0,
                        0,
                        0,
                        0
                    ],
                    "proj": "BP_Bend",
                    "op": "BO_Add",
                    "transform": [
                        0.33036118745803833,
                        -0.2766035795211792,
                        0.9024145007133484,
                        632.83203125,
                        -0.9435135126113892,
                        -0.07107964158058167,
                        0.3236199915409088,
                        226.94349670410156,
                        -0.025371164083480835,
                        -0.958351731300354,
                        -0.2844611406326294,
                        -199.48275756835938
                    ],
                    "scale": [
                        1,
                        1,
                        1
                    ],
                    "rotation": -1.199999213218689,
                    "position": [
                        632.83203125,
                        226.9434814453125,
                        -199.48284912109375
                    ],
                    "height": 701.265380859375,
                    "weightHard": false,
                    "weightScale": [
                        1,
                        1,
                        1
                    ],
                    "mirrored": false,
                    "twinId": 46,
                    "flooded": false,
                    "pathable": true,
                    "mergeable": false,
                    "no_features": true
                },
                {
                    "spec": "/pa/terrain/mountain/brushes/mountain_metal_t2_small_2_ramp.json",
                    "weight": [
                        0,
                        0,
                        0,
                        0
                    ],
                    "proj": "BP_Bend",
                    "op": "BO_Add",
                    "transform": [
                        0.33036118745803833,
                        -0.2766035795211792,
                        0.9024145007133484,
                        632.83203125,
                        -0.9435135126113892,
                        -0.07107964158058167,
                        0.3236199915409088,
                        226.94349670410156,
                        0.025371164083480835,
                        0.958351731300354,
                        0.2844611406326294,
                        199.48275756835938
                    ],
                    "scale": [
                        1,
                        1,
                        1
                    ],
                    "rotation": -1.199999213218689,
                    "position": [
                        632.83203125,
                        226.9434814453125,
                        -199.48284912109375
                    ],
                    "height": 701.265380859375,
                    "weightHard": false,
                    "weightScale": [
                        1,
                        1,
                        1
                    ],
                    "mirrored": true,
                    "twinId": 46,
                    "flooded": false,
                    "pathable": true,
                    "mergeable": false,
                    "no_features": true
                },
                {
                    "spec": "/pa/terrain/mountain/brushes/mountain_metal_t2_small_2_ramp.json",
                    "weight": [
                        0,
                        0,
                        0,
                        0
                    ],
                    "proj": "BP_Bend",
                    "op": "BO_Add",
                    "transform": [
                        0.9191651940345764,
                        0.14762809872627258,
                        0.3651592433452606,
                        253.0831298828125,
                        0.3918944299221039,
                        -0.2499944567680359,
                        -0.8853935599327087,
                        -613.6450805664062,
                        -0.03942117094993591,
                        0.9569268226623535,
                        -0.2876408100128174,
                        -199.35694885253906
                    ],
                    "scale": [
                        1,
                        1,
                        1
                    ],
                    "rotation": 0.34999993443489075,
                    "position": [
                        253.0831298828125,
                        -613.64501953125,
                        -199.35687255859375
                    ],
                    "height": 693.0760498046875,
                    "weightHard": false,
                    "weightScale": [
                        1,
                        1,
                        1
                    ],
                    "mirrored": false,
                    "twinId": 51,
                    "flooded": false,
                    "pathable": true,
                    "mergeable": false,
                    "no_features": true
                },
                {
                    "spec": "/pa/terrain/mountain/brushes/mountain_metal_t2_small_2_ramp.json",
                    "weight": [
                        0,
                        0,
                        0,
                        0
                    ],
                    "proj": "BP_Bend",
                    "op": "BO_Add",
                    "transform": [
                        0.9191651940345764,
                        0.14762809872627258,
                        0.3651592433452606,
                        253.0831298828125,
                        0.3918944299221039,
                        -0.2499944567680359,
                        -0.8853935599327087,
                        -613.6450805664062,
                        0.03942117094993591,
                        -0.9569268226623535,
                        0.2876408100128174,
                        199.35694885253906
                    ],
                    "scale": [
                        1,
                        1,
                        1
                    ],
                    "rotation": 0.34999993443489075,
                    "position": [
                        253.0831298828125,
                        -613.64501953125,
                        -199.35687255859375
                    ],
                    "height": 693.0760498046875,
                    "weightHard": false,
                    "weightScale": [
                        1,
                        1,
                        1
                    ],
                    "mirrored": true,
                    "twinId": 51,
                    "flooded": false,
                    "pathable": true,
                    "mergeable": false,
                    "no_features": true
                },
                {
                    "spec": "/pa/terrain/desert/brushes/desert_plateau_08.json",
                    "weight": [
                        0,
                        0,
                        0,
                        0
                    ],
                    "proj": "BP_Bend",
                    "op": "BO_Add",
                    "transform": [
                        0.9629833698272705,
                        -0.17834830284118652,
                        -0.20212598145008087,
                        -140.55889892578125,
                        -0.17834830284118652,
                        0.14070731401443481,
                        -0.9738549590110779,
                        -677.2211303710938,
                        0.20212598145008087,
                        0.9738549590110779,
                        0.10369068384170532,
                        72.10675811767578
                    ],
                    "scale": [
                        1,
                        1,
                        1
                    ],
                    "rotation": 0,
                    "position": [
                        -140.55889892578125,
                        -677.2210693359375,
                        72.1068115234375
                    ],
                    "height": 695.4024658203125,
                    "weightHard": false,
                    "weightScale": [
                        1,
                        1,
                        1
                    ],
                    "mirrored": false,
                    "twinId": 53,
                    "flooded": false,
                    "pathable": false,
                    "mergeable": false,
                    "no_features": false
                },
                {
                    "spec": "/pa/terrain/desert/brushes/desert_plateau_08.json",
                    "weight": [
                        0,
                        0,
                        0,
                        0
                    ],
                    "proj": "BP_Bend",
                    "op": "BO_Add",
                    "transform": [
                        0.9629833698272705,
                        -0.17834830284118652,
                        -0.20212598145008087,
                        -140.55889892578125,
                        -0.17834830284118652,
                        0.14070731401443481,
                        -0.9738549590110779,
                        -677.2211303710938,
                        -0.20212598145008087,
                        -0.9738549590110779,
                        -0.10369068384170532,
                        -72.10675811767578
                    ],
                    "scale": [
                        1,
                        1,
                        1
                    ],
                    "rotation": 0,
                    "position": [
                        -140.55889892578125,
                        -677.2210693359375,
                        72.1068115234375
                    ],
                    "height": 695.4024658203125,
                    "weightHard": false,
                    "weightScale": [
                        1,
                        1,
                        1
                    ],
                    "mirrored": true,
                    "twinId": 53,
                    "flooded": false,
                    "pathable": false,
                    "mergeable": false,
                    "no_features": false
                },
                {
                    "spec": "/pa/terrain/desert/brushes/desert_crack_09.json",
                    "weight": [
                        0,
                        0,
                        0,
                        0
                    ],
                    "proj": "BP_Bend",
                    "op": "BO_Subtract",
                    "transform": [
                        0.14327773451805115,
                        0.10252466797828674,
                        -0.17737120389938354,
                        -495.5347900390625,
                        -0.1850324124097824,
                        -0.02815791592001915,
                        -0.16574226319789886,
                        -463.0461730957031,
                        -0.0879480391740799,
                        0.22626574337482452,
                        0.05974375456571579,
                        166.91046142578125
                    ],
                    "scale": [
                        0.2500007152557373,
                        0.2500007152557373,
                        0.2500007152557373
                    ],
                    "rotation": -1.1899992227554321,
                    "position": [
                        -495.5347900390625,
                        -463.046142578125,
                        166.91043090820312
                    ],
                    "height": 698.4451293945312,
                    "weightHard": false,
                    "weightScale": [
                        1,
                        1,
                        1
                    ],
                    "mirrored": false,
                    "twinId": 54,
                    "flooded": false,
                    "pathable": false,
                    "mergeable": false,
                    "no_features": true
                },
                {
                    "spec": "/pa/terrain/desert/brushes/desert_crack_09.json",
                    "weight": [
                        0,
                        0,
                        0,
                        0
                    ],
                    "proj": "BP_Bend",
                    "op": "BO_Subtract",
                    "transform": [
                        0.14327773451805115,
                        0.10252466797828674,
                        -0.17737120389938354,
                        -495.5347595214844,
                        -0.1850324124097824,
                        -0.02815791592001915,
                        -0.16574226319789886,
                        -463.0461730957031,
                        0.0879480391740799,
                        -0.22626574337482452,
                        -0.05974375456571579,
                        -166.91046142578125
                    ],
                    "scale": [
                        0.2500007152557373,
                        0.2500007152557373,
