{
    "name": "Execration 1v1 NS",
    "description":"1v1 map.",
    "version":"1.01",
    "creator":"MonkeySoldier",
    "players":[2, 2],
    "planets": [
        {
            "name": "Just for Looks",
            "mass": 50000,
            "position_x": 27500,
            "position_y": 1300,
            "velocity_x": -6.3635969161987305,
            "velocity_y": 134.61441040039062,
            "required_thrust_to_move": 0,
            "starting_planet": false,
            "respawn": false,
            "start_destroyed": false,
            "min_spawn_delay": 0,
            "max_spawn_delay": 0,
            "planet": {
                "seed": 1195607168,
                "radius": 1000,
                "heightRange": 0,
                "waterHeight": 0,
                "waterDepth": 100,
                "temperature": 50,
                "metalDensity": 0,
                "metalClusters": 0,
                "metalSpotLimit": -1,
                "biomeScale": 100.00000013739177,
                "biome": "gas",
                "symmetryType": "none",
                "symmetricalMetal": false,
                "symmetricalStarts": false,
                "numArmies": 2,
                "landingZonesPerArmy": 0,
                "landingZoneSize": 0
            }
        },
        {
            "name": "Supplication",
            "mass": 5000,
            "position_x": 27900,
            "position_y": -4900,
            "velocity_x": -206.54383850097656,
            "velocity_y": 121.69954681396484,
            "required_thrust_to_move": 3,
            "starting_planet": true,
            "respawn": false,
            "start_destroyed": false,
            "min_spawn_delay": 0,
            "max_spawn_delay": 0,
            "planet": {
                "seed": 1159430144,
                "radius": 364,
                "heightRange": 0,
                "waterHeight": 0,
                "waterDepth": 100,
                "temperature": 0,
                "metalDensity": 25,
                "metalClusters": 25,
                "metalSpotLimit": -1,
                "biomeScale": 50,
                "biome": "moon",
                "symmetryType": "terrain and CSG",
                "symmetricalMetal": true,
                "symmetricalStarts": false,
                "numArmies": 2,
                "landingZonesPerArmy": 0,
                "landingZoneSize": 289
            },
            "planetCSG": [
                {
                    "weight": [
                        0,
                        0,
                        0,
                        0
                    ],
                    "spec": "/pa/terrain/metal/brushes/metal_trench_03.json",
                    "proj": "BP_Bend",
                    "transform": [
                        0.999320387840271,
                        -0.002986714243888855,
                        -0.036739323288202286,
                        -13.289381980895996,
                        0.036716848611831665,
                        -0.007260747253894806,
                        0.9992992877960205,
                        361.46746826171875,
                        -0.0032513774931430817,
                        -0.9999691247940063,
                        -0.007146120071411133,
                        -2.5849010944366455
                    ],
                    "op": "BO_Subtract",
                    "rotation": 0.03999999910593033,
                    "scale": [
                        1,
                        1,
                        1
                    ],
                    "height": 361.7209167480469,
                    "position": [
                        -13.289382934570312,
                        361.46746826171875,
                        -2.5849151611328125
                    ],
                    "weightHard": false,
                    "weightScale": [
                        1,
                        1,
                        1
                    ],
                    "mirrored": false,
                    "twinId": 2,
                    "flooded": false,
                    "pathable": true,
                    "mergeable": false,
                    "no_features": true
                },
                {
                    "weight": [
                        0,
                        0,
                        0,
                        0
                    ],
                    "spec": "/pa/terrain/metal/brushes/metal_trench_03.json",
                    "proj": "BP_Bend",
                    "transform": [
                        0.999320387840271,
                        -0.002986714243888855,
                        -0.036739323288202286,
                        -13.289382934570312,
                        0.036716848611831665,
                        -0.007260747253894806,
                        0.9992992877960205,
                        361.46746826171875,
                        0.0032513774931430817,
                        0.9999691247940063,
                        0.007146120071411133,
                        2.5849013328552246
                    ],
                    "op": "BO_Subtract",
                    "rotation": 0.03999999910593033,
                    "scale": [
                        1,
                        1,
                        1
                    ],
                    "height": 361.7209167480469,
                    "position": [
                        -13.289382934570312,
                        361.46746826171875,
                        -2.5849151611328125
                    ],
                    "weightHard": false,
                    "weightScale": [
                        1,
                        1,
                        1
                    ],
                    "mirrored": true,
                    "twinId": 2,
                    "flooded": false,
                    "pathable": true,
                    "mergeable": false,
                    "no_features": true
                },
                {
                    "weight": [
                        0,
                        0,
                        0,
                        0
                    ],
                    "spec": "/pa/terrain/metal/brushes/metal_structure_06.json",
                    "proj": "BP_Bend",
                    "transform": [
                        0.9988253712654114,
                        0.0048779696226119995,
                        -0.0482088141143322,
                        -17.45623779296875,
                        0.04843595251441002,
                        -0.12839175760746002,
                        0.9905399680137634,
                        358.67095947265625,
                        -0.001357797533273697,
                        -0.9917114973068237,
                        -0.12847721576690674,
                        -46.52113723754883
                    ],
                    "op": "BO_Add",
                    "rotation": 0.04999999701976776,
                    "scale": [
                        1,
                        1,
                        1
                    ],
                    "height": 362.0964050292969,
                    "position": [
                        -17.45623779296875,
                        358.67095947265625,
                        -46.52117156982422
                    ],
                    "weightHard": false,
                    "weightScale": [
                        1,
                        1,
                        1
                    ],
                    "mirrored": false,
                    "twinId": 4,
                    "flooded": false,
                    "pathable": false,
                    "mergeable": false,
                    "no_features": false
                },
                {
                    "weight": [
                        0,
                        0,
                        0,
                        0
                    ],
                    "spec": "/pa/terrain/metal/brushes/metal_structure_06.json",
                    "proj": "BP_Bend",
                    "transform": [
                        0.9988253712654114,
                        0.0048779696226119995,
                        -0.0482088141143322,
                        -17.45623779296875,
                        0.04843595251441002,
                        -0.12839175760746002,
                        0.9905399680137634,
                        358.67095947265625,
                        0.001357797533273697,
                        0.9917114973068237,
                        0.12847721576690674,
                        46.52113723754883
                    ],
                    "op": "BO_Add",
                    "rotation": 0.04999999701976776,
                    "scale": [
                        1,
                        1,
                        1
                    ],
                    "height": 362.0964050292969,
                    "position": [
                        -17.45623779296875,
                        358.67095947265625,
                        -46.52117156982422
                    ],
                    "weightHard": false,
                    "weightScale": [
                        1,
                        1,
                        1
                    ],
                    "mirrored": true,
                    "twinId": 4,
                    "flooded": false,
                    "pathable": false,
                    "mergeable": false,
                    "no_features": false
                },
                {
                    "weight": [
                        0,
                        0,
                        0,
                        0
                    ],
                    "spec": "/pa/terrain/metal/brushes/metal_structure_03.json",
                    "proj": "BP_Bend",
                    "transform": [
                        0.034105122089385986,
                        -0.951751172542572,
                        0.30496978759765625,
                        110.5467758178711,
                        -0.22830086946487427,
                        0.2896597981452942,
                        0.9295032024383545,
                        336.93035888671875,
                        -0.9729932546615601,
                        -0.10132569074630737,
                        -0.20740675926208496,
                        -75.18170166015625
                    ],
                    "op": "BO_Add",
                    "rotation": 1.1499992609024048,
                    "scale": [
                        1,
                        1,
                        1
                    ],
                    "height": 362.4843444824219,
                    "position": [
                        110.54676818847656,
                        336.9303283691406,
                        -75.18162536621094
                    ],
                    "weightHard": false,
                    "weightScale": [
                        1,
                        1,
                        1
                    ],
                    "mirrored": false,
                    "twinId": 6,
                    "flooded": false,
                    "pathable": false,
                    "mergeable": false,
                    "no_features": false
                },
                {
                    "weight": [
                        0,
                        0,
                        0,
                        0
                    ],
                    "spec": "/pa/terrain/metal/brushes/metal_structure_03.json",
                    "proj": "BP_Bend",
                    "transform": [
                        0.034105122089385986,
                        -0.951751172542572,
                        0.30496978759765625,
                        110.54676818847656,
                        -0.22830086946487427,
                        0.2896597981452942,
                        0.9295032024383545,
                        336.93035888671875,
                        0.9729932546615601,
                        0.10132569074630737,
                        0.20740675926208496,
                        75.18170166015625
                    ],
                    "op": "BO_Add",
                    "rotation": 1.1499992609024048,
                    "scale": [
                        1,
                        1,
                        1
                    ],
                    "height": 362.4843444824219,
                    "position": [
                        110.54676818847656,
                        336.9303283691406,
                        -75.18162536621094
                    ],
                    "weightHard": false,
                    "weightScale": [
                        1,
                        1,
                        1
                    ],
                    "mirrored": true,
                    "twinId": 6,
                    "flooded": false,
                    "pathable": false,
                    "mergeable": false,
                    "no_features": false
                },
                {
                    "weight": [
                        0,
                        0,
                        0,
                        0
                    ],
                    "spec": "/pa/terrain/metal/brushes/metal_structure_03.json",
                    "proj": "BP_Bend",
                    "transform": [
                        -0.04300487041473389,
                        0.9184663891792297,
                        -0.39315399527549744,
                        -142.5303497314453,
                        0.19393213093280792,
                        0.3937073051929474,
                        0.8985459804534912,
                        325.7503967285156,
                        0.9800719022750854,
                        -0.03760331869125366,
                        -0.1950514316558838,
                        -70.71210479736328
                    ],
                    "op": "BO_Add",
                    "rotation": -1.1199992895126343,
                    "scale": [
                        1,
                        1,
                        1
                    ],
                    "height": 362.53057861328125,
                    "position": [
                        -142.5303497314453,
                        325.7503967285156,
                        -70.71209716796875
                    ],
                    "weightHard": false,
                    "weightScale": [
                        1,
                        1,
                        1
                    ],
                    "mirrored": false,
                    "twinId": 7,
                    "flooded": false,
                    "pathable": false,
                    "mergeable": false,
                    "no_features": false
                },
                {
                    "weight": [
                        0,
                        0,
                        0,
                        0
                    ],
                    "spec": "/pa/terrain/metal/brushes/metal_structure_03.json",
                    "proj": "BP_Bend",
                    "transform": [
                        -0.04300487041473389,
                        0.9184663891792297,
                        -0.39315399527549744,
                        -142.5303497314453,
                        0.19393213093280792,
                        0.3937073051929474,
                        0.8985459804534912,
                        325.7503967285156,
                        -0.9800719022750854,
                        0.03760331869125366,
                        0.1950514316558838,
                        70.71210479736328
                    ],
                    "op": "BO_Add",
                    "rotation": -1.1199992895126343,
                    "scale": [
                        1,
                        1,
                        1
                    ],
                    "height": 362.53057861328125,
                    "position": [
                        -142.5303497314453,
                        325.7503967285156,
                        -70.71209716796875
                    ],
                    "weightHard": false,
                    "weightScale": [
                        1,
                        1,
                        1
                    ],
                    "mirrored": true,
                    "twinId": 7,
                    "flooded": false,
                    "pathable": false,
                    "mergeable": false,
                    "no_features": false
                },
                {
                    "weight": [
                        0,
                        0,
                        0,
                        0
                    ],
                    "spec": "/pa/terrain/metal/brushes/metal_structure_03.json",
                    "proj": "BP_Bend",
                    "transform": [
                        -0.12360858917236328,
                        0.919479489326477,
                        -0.3732001483440399,
                        -135.38156127929688,
                        0.3949049115180969,
                        0.3906008005142212,
                        0.83155357837677,
                        301.6532287597656,
                        0.910368800163269,
                        -0.04459139704704285,
                        -0.411388635635376,
                        -149.23477172851562
                    ],
                    "op": "BO_Add",
                    "rotation": -1.0999993085861206,
                    "scale": [
                        1,
                        1,
                        1
                    ],
                    "height": 362.75860595703125,
                    "position": [
                        -135.38153076171875,
                        301.6531677246094,
                        -149.2347412109375
                    ],
                    "weightHard": false,
                    "weightScale": [
                        1,
                        1,
                        1
                    ],
                    "mirrored": false,
                    "twinId": 9,
                    "flooded": false,
                    "pathable": false,
                    "mergeable": false,
                    "no_features": false
                },
                {
                    "weight": [
                        0,
                        0,
                        0,
                        0
                    ],
                    "spec": "/pa/terrain/metal/brushes/metal_structure_03.json",
                    "proj": "BP_Bend",
                    "transform": [
                        -0.12360858917236328,
                        0.919479489326477,
                        -0.3732001483440399,
                        -135.38156127929688,
                        0.3949049115180969,
                        0.3906008005142212,
                        0.83155357837677,
                        301.6532287597656,
                        -0.910368800163269,
                        0.04459139704704285,
                        0.411388635635376,
                        149.23477172851562
                    ],
                    "op": "BO_Add",
                    "rotation": -1.0999993085861206,
                    "scale": [
                        1,
                        1,
                        1
                    ],
                    "height": 362.75860595703125,
                    "position": [
                        -135.38153076171875,
                        301.6531677246094,
                        -149.2347412109375
                    ],
                    "weightHard": false,
                    "weightScale": [
                        1,
                        1,
                        1
                    ],
                    "mirrored": true,
                    "twinId": 9,
                    "flooded": false,
                    "pathable": false,
                    "mergeable": false,
                    "no_features": false
                },
                {
                    "weight": [
                        0,
                        0,
                        0,
                        0
                    ],
                    "spec": "/pa/terrain/metal/brushes/metal_structure_03.json",
                    "proj": "BP_Bend",
                    "transform": [
                        -0.04823198914527893,
                        -0.9515591859817505,
                        0.3036590814590454,
                        110.11690521240234,
                        -0.43026793003082275,
                        0.29415351152420044,
                        0.8534303307533264,
                        309.4822692871094,
                        -0.9014118909835815,
                        -0.08949205279350281,
                        -0.4236130714416504,
                        -153.61622619628906
                    ],
                    "op": "BO_Add",
                    "rotation": 1.1299992799758911,
                    "scale": [
                        1,
                        1,
                        1
                    ],
                    "height": 362.6333312988281,
                    "position": [
                        110.11688232421875,
                        309.4822692871094,
                        -153.61618041992188
                    ],
                    "weightHard": false,
                    "weightScale": [
                        1,
                        1,
                        1
                    ],
                    "mirrored": false,
                    "twinId": 10,
                    "flooded": false,
                    "pathable": false,
                    "mergeable": false,
                    "no_features": false
                },
                {
                    "weight": [
                        0,
                        0,
                        0,
                        0
                    ],
                    "spec": "/pa/terrain/metal/brushes/metal_structure_03.json",
                    "proj": "BP_Bend",
                    "transform": [
                        -0.04823198914527893,
                        -0.9515591859817505,
                        0.3036590814590454,
                        110.11690521240234,
                        -0.43026793003082275,
                        0.29415351152420044,
                        0.8534303307533264,
                        309.4822692871094,
                        0.9014118909835815,
                        0.08949205279350281,
                        0.4236130714416504,
                        153.61622619628906
                    ],
                    "op": "BO_Add",
                    "rotation": 1.1299992799758911,
                    "scale": [
                        1,
                        1,
                        1
                    ],
                    "height": 362.6333312988281,
                    "position": [
                        110.11688232421875,
                        309.4822692871094,
                        -153.61618041992188
                    ],
                    "weightHard": false,
                    "weightScale": [
                        1,
                        1,
                        1
                    ],
                    "mirrored": true,
                    "twinId": 10,
                    "flooded": false,
                    "pathable": false,
                    "mergeable": false,
                    "no_features": false
                },
                {
                    "weight": [
                        0,
                        0,
                        0,
                        0
                    ],
                    "spec": "/pa/terrain/metal/brushes/metal_structure_06.json",
                    "proj": "BP_Bend",
                    "transform": [
                        0.8164272308349609,
                        -0.06763696670532227,
                        0.5734735131263733,
                        208.5550079345703,
                        -0.52876877784729,
                        -0.4866660237312317,
                        0.6953847408294678,
                        252.8904571533203,
                        0.2320563793182373,
                        -0.8709659576416016,
                        -0.4330916404724121,
                        -157.5023651123047
                    ],
                    "op": "BO_Add",
                    "rotation": -0.9499993920326233,
                    "scale": [
                        1,
                        1,
                        1
                    ],
                    "height": 363.6698303222656,
                    "position": [
                        208.55499267578125,
                        252.89044189453125,
                        -157.50234985351562
                    ],
                    "weightHard": false,
                    "weightScale": [
                        1,
                        1,
                        1
                    ],
                    "mirrored": false,
                    "twinId": 11,
                    "flooded": false,
                    "pathable": false,
                    "mergeable": false,
                    "no_features": false
                },
                {
                    "weight": [
                        0,
                        0,
                        0,
                        0
                    ],
                    "spec": "/pa/terrain/metal/brushes/metal_structure_06.json",
                    "proj": "BP_Bend",
                    "transform": [
                        0.8164272308349609,
                        -0.06763696670532227,
                        0.5734735131263733,
                        208.5550079345703,
                        -0.52876877784729,
                        -0.4866660237312317,
                        0.6953847408294678,
                        252.8904571533203,
                        -0.2320563793182373,
                        0.8709659576416016,
                        0.4330916404724121,
                        157.5023651123047
                    ],
                    "op": "BO_Add",
                    "rotation": -0.9499993920326233,
                    "scale": [
                        1,
                        1,
                        1
                    ],
                    "height": 363.6698303222656,
                    "position": [
                        208.55499267578125,
                        252.89044189453125,
                        -157.50234985351562
                    ],
                    "weightHard": false,
                    "weightScale": [
                        1,
                        1,
                        1
                    ],
                    "mirrored": true,
                    "twinId": 11,
                    "flooded": false,
                    "pathable": false,
                    "mergeable": false,
                    "no_features": false
                },
                {
                    "weight": [
                        0,
                        0,
                        0,
                        0
                    ],
                    "spec": "/pa/terrain/metal/brushes/metal_structure_06.json",
                    "proj": "BP_Bend",
                    "transform": [
                        0.7654528617858887,
                        0.14223214983940125,
                        -0.6275760531425476,
                        -228.2345428466797,
                        0.6133496761322021,
                        -0.45625466108322144,
                        0.6446965336799622,
                        234.46084594726562,
                        -0.19463792443275452,
                        -0.8784084916114807,
                        -0.4364795684814453,
                        -158.73727416992188
                    ],
                    "op": "BO_Add",
                    "rotation": 0.9899994134902954,
                    "scale": [
                        1,
                        1,
                        1
                    ],
                    "height": 363.6763000488281,
                    "position": [
                        -228.23452758789062,
                        234.46087646484375,
                        -158.73733520507812
                    ],
                    "weightHard": false,
                    "weightScale": [
                        1,
                        1,
                        1
                    ],
                    "mirrored": false,
                    "twinId": 12,
                    "flooded": false,
                    "pathable": false,
                    "mergeable": false,
                    "no_features": false
                },
                {
                    "weight": [
                        0,
                        0,
                        0,
                        0
                    ],
                    "spec": "/pa/terrain/metal/brushes/metal_structure_06.json",
                    "proj": "BP_Bend",
                    "transform": [
                        0.7654528617858887,
                        0.14223214983940125,
                        -0.6275760531425476,
                        -228.2345428466797,
                        0.6133496761322021,
                        -0.45625466108322144,
                        0.6446965336799622,
                        234.4608612060547,
                        0.19463792443275452,
                        0.8784084916114807,
                        0.4364795684814453,
                        158.73727416992188
                    ],
                    "op": "BO_Add",
                    "rotation": 0.9899994134902954,
                    "scale": [
                        1,
                        1,
                        1
                    ],
                    "height": 363.6763000488281,
                    "position": [
                        -228.23452758789062,
                        234.46087646484375,
                        -158.73733520507812
                    ],
                    "weightHard": false,
                    "weightScale": [
                        1,
                        1,
                        1
                    ],
                    "mirrored": true,
                    "twinId": 12,
                    "flooded": false,
                    "pathable": false,
                    "mergeable": false,
                    "no_features": false
                },
                {
                    "weight": [
                        0,
                        0,
                        0,
                        0
                    ],
                    "spec": "/pa/terrain/moon/brushes/moon_crater_02.json",
                    "proj": "BP_Bend",
                    "transform": [
                        -0.6181280016899109,
                        1.163313388824463,
                        -2.6470963954925537,
                        -249.00881958007812,
                        1.163313388824463,
                        1.2526569366455078,
                        1.2682212591171265,
                        119.29987335205078,
                        1.2412554025650024,
                        -0.5946842432022095,
                        -2.506803274154663,
                        -235.81161499023438
                    ],
                    "op": "BO_Subtract",
                    "rotation": 0,
                    "scale": [
                        1.8099992275238037,
                        1.8099992275238037,
                        3.859997272491455
                    ],
                    "height": 363.1047668457031,
                    "position": [
                        -249.0089111328125,
                        119.2999267578125,
                        -235.81173706054688
                    ],
                    "weightHard": false,
                    "weightScale": [
                        1,
                        1,
                        1
                    ],
                    "mirrored": false,
                    "twinId": 13,
                    "flooded": false,
                    "pathable": true,
                    "mergeable": true,
                    "no_features": false
                },
                {
                    "weight": [
                        0,
                        0,
                        0,
                        0
                    ],
                    "spec": "/pa/terrain/moon/brushes/moon_crater_02.json",
                    "proj": "BP_Bend",
                    "transform": [
                        -0.6181280016899109,
                        1.163313388824463,
                        -2.6470963954925537,
                        -249.00881958007812,
                        1.163313388824463,
                        1.2526569366455078,
                        1.2682212591171265,
                        119.29987335205078,
                        -1.2412554025650024,
                        0.5946842432022095,
                        2.506803274154663,
                        235.8115997314453
                    ],
                    "op": "BO_Subtract",
                    "rotation": 0,
                    "scale": [
                        1.8099992275238037,
                        1.8099992275238037,
                        3.859997272491455
                    ],
                    "height": 363.1047668457031,
                    "position": [
                        -249.0089111328125,
                        119.2999267578125,
                        -235.81173706054688
                    ],
                    "weightHard": false,
                    "weightScale": [
                        1,
                        1,
                        1
                    ],
                    "mirrored": true,
                    "twinId": 13,
                    "flooded": false,
                    "pathable": true,
                    "mergeable": true,
                    "no_features": false
                },
                {
                    "weight": [
                        0,
                        0,
                        0,
                        0
                    ],
                    "spec": "/pa/terrain/moon/brushes/moon_crater_02.json",
                    "proj": "BP_Bend",
                    "transform": [
                        -0.44871270656585693,
                        -1.3566052913665771,
                        2.3120179176330566,
                        230.874267578125,
                        -1.3566052913665771,
                        1.0493865013122559,
                        1.3644580841064453,
                        136.2525177001953,
                        -1.1750643253326416,
                        -0.6934747099876404,
                        -2.458131790161133,
                        -245.46495056152344
                    ],
                    "op": "BO_Subtract",
                    "rotation": 0,
                    "scale": [
                        1.849999189376831,
                        1.849999189376831,
                        3.639997720718384
                    ],
                    "height": 363.484130859375,
                    "position": [
                        230.8743133544922,
                        136.25253295898438,
                        -245.46490478515625
                    ],
                    "weightHard": false,
                    "weightScale": [
                        1,
                        1,
                        1
                    ],
                    "mirrored": false,
                    "twinId": 14,
                    "flooded": false,
                    "pathable": true,
                    "mergeable": true,
                    "no_features": false
                },
                {
                    "weight": [
                        0,
                        0,
                        0,
                        0
                    ],
                    "spec": "/pa/terrain/moon/brushes/moon_crater_02.json",
                    "proj": "BP_Bend",
                    "transform": [
                        -0.44871270656585693,
                        -1.3566052913665771,
                        2.3120179176330566,
                        230.874267578125,
                        -1.3566052913665771,
                        1.0493865013122559,
                        1.3644580841064453,
                        136.2525177001953,
                        1.1750643253326416,
                        0.6934747099876404,
                        2.458131790161133,
                        245.46495056152344
                    ],
                    "op": "BO_Subtract",
                    "rotation": 0,
                    "scale": [
                        1.849999189376831,
                        1.849999189376831,
                        3.639997720718384
                    ],
                    "height": 363.484130859375,
                    "position": [
                        230.8743133544922,
                        136.25253295898438,
                        -245.46490478515625
                    ],
                    "weightHard": false,
                    "weightScale": [
                        1,
                        1,
                        1
                    ],
                    "mirrored": true,
                    "twinId": 14,
                    "flooded": false,
                    "pathable": true,
                    "mergeable": true,
                    "no_features": false
                },
                {
                    "weight": [
                        0,
                        0,
                        0,
                        0
                    ],
                    "spec": "/pa/terrain/metal/brushes/metal_structure_04.json",
                    "proj": "BP_Bend",
                    "transform": [
                        0.999087393283844,
                        0.00447053462266922,
                        0.04247857257723808,
                        15.51451587677002,
                        0.04263799637556076,
                        -0.045409779995679855,
                        -0.9980581402778625,
                        -364.5223388671875,
                        -0.0025329142808914185,
                        0.9989584684371948,
                        -0.045558929443359375,
                        -16.639558792114258
                    ],
                    "op": "BO_Add",
                    "rotation": 0.03999999910593033,
                    "scale": [
                        1,
                        1,
                        1
                    ],
                    "height": 365.2315673828125,
                    "position": [
                        15.514514923095703,
                        -364.5223083496094,
                        -16.639583587646484
                    ],
                    "weightHard": false,
                    "weightScale": [
                        1,
                        1,
                        1
                    ],
                    "mirrored": false,
                    "twinId": 18,
                    "flooded": false,
                    "pathable": false,
                    "mergeable": false,
                    "no_features": false
                },
                {
