{
    "name": "Fake History 9v9 NS",
    "description":"9v9 map.",
    "version":"1.01",
    "creator":"MonkeySoldier",
    "players":[18, 18],

    "planets": [
        {
            "name": "Richat",
            "mass": 10000,
            "position_x": 31900,
            "position_y": 800,
            "velocity_x": -3.1382312774658203,
            "velocity_y": 125.13674926757812,
            "required_thrust_to_move": 0,
            "starting_planet": true,
            "respawn": false,
            "start_destroyed": false,
            "min_spawn_delay": 0,
            "max_spawn_delay": 0,
            "planet": {
                "seed": 1006407616,
                "radius": 657,
                "heightRange": 0,
                "waterHeight": 0,
                "waterDepth": 100,
                "temperature": 0,
                "metalDensity": 50,
                "metalClusters": 50,
                "metalSpotLimit": -1,
                "biomeScale": 50,
                "biome": "earth",
                "symmetryType": "terrain and CSG",
                "symmetricalMetal": true,
                "symmetricalStarts": false,
                "numArmies": 2,
                "landingZonesPerArmy": 0,
                "landingZoneSize": 50
            },
            "planetCSG": [
                {
                    "weight": [
                        0,
                        0,
                        0,
                        0
                    ],
                    "spec": "/pa/terrain/metal/brushes/metal_structure_05.json",
                    "proj": "BP_Bend",
                    "transform": [
                        0.4675244688987732,
                        0.008133270777761936,
                        -0.8839427828788757,
                        -579.5569458007812,
                        0.008133270777761936,
                        0.9998757839202881,
                        0.013501739129424095,
                        8.852413177490234,
                        0.8839427828788757,
                        -0.013501739129424095,
                        0.4674002528190613,
                        306.4508972167969
                    ],
                    "op": "BO_Add",
                    "rotation": 0,
                    "scale": [
                        1,
                        1,
                        1
                    ],
                    "height": 655.6498413085938,
                    "position": [
                        -579.556884765625,
                        8.852413177490234,
                        306.450927734375
                    ],
                    "weightHard": false,
                    "weightScale": [
                        1,
                        1,
                        1
                    ],
                    "mirrored": false,
                    "twinId": 5,
                    "flooded": false,
                    "pathable": false,
                    "mergeable": false,
                    "no_features": false
                },
                {
                    "weight": [
                        0,
                        0,
                        0,
                        0
                    ],
                    "spec": "/pa/terrain/metal/brushes/metal_structure_05.json",
                    "proj": "BP_Bend",
                    "transform": [
                        0.4675244688987732,
                        0.008133270777761936,
                        -0.8839427828788757,
                        -579.5569458007812,
                        0.008133270777761936,
                        0.9998757839202881,
                        0.013501739129424095,
                        8.852413177490234,
                        -0.8839427828788757,
                        0.013501739129424095,
                        -0.4674002528190613,
                        -306.4508972167969
                    ],
                    "op": "BO_Add",
                    "rotation": 0,
                    "scale": [
                        1,
                        1,
                        1
                    ],
                    "height": 655.6498413085938,
                    "position": [
                        -579.556884765625,
                        8.852413177490234,
                        306.450927734375
                    ],
                    "weightHard": false,
                    "weightScale": [
                        1,
                        1,
                        1
                    ],
                    "mirrored": true,
                    "twinId": 5,
                    "flooded": false,
                    "pathable": false,
                    "mergeable": false,
                    "no_features": false
                },
                {
                    "weight": [
                        0,
                        0,
                        0,
                        0
                    ],
                    "spec": "/pa/terrain/metal/brushes/metal_structure_05.json",
                    "proj": "BP_Bend",
                    "transform": [
                        0.47029346227645874,
                        -0.007862408645451069,
                        0.8824750185012817,
                        578.6260375976562,
                        -0.007862408645451069,
                        0.9998832941055298,
                        0.013098535127937794,
                        8.588519096374512,
                        -0.8824750185012817,
                        -0.013098535127937794,
                        0.4701767563819885,
                        308.2880859375
                    ],
                    "op": "BO_Add",
                    "rotation": 0,
                    "scale": [
                        1,
                        1,
                        1
                    ],
                    "height": 655.6854858398438,
                    "position": [
                        578.6260986328125,
                        8.588520050048828,
                        308.2880859375
                    ],
                    "weightHard": false,
                    "weightScale": [
                        1,
                        1,
                        1
                    ],
                    "mirrored": false,
                    "twinId": 6,
                    "flooded": false,
                    "pathable": false,
                    "mergeable": false,
                    "no_features": false
                },
                {
                    "weight": [
                        0,
                        0,
                        0,
                        0
                    ],
                    "spec": "/pa/terrain/metal/brushes/metal_structure_05.json",
                    "proj": "BP_Bend",
                    "transform": [
                        0.47029346227645874,
                        -0.007862408645451069,
                        0.8824750185012817,
                        578.6260375976562,
                        -0.007862408645451069,
                        0.9998832941055298,
                        0.013098535127937794,
                        8.588519096374512,
                        0.8824750185012817,
                        0.013098535127937794,
                        -0.4701767563819885,
                        -308.2880859375
                    ],
                    "op": "BO_Add",
                    "rotation": 0,
                    "scale": [
                        1,
                        1,
                        1
                    ],
                    "height": 655.6854858398438,
                    "position": [
                        578.6260986328125,
                        8.588520050048828,
                        308.2880859375
                    ],
                    "weightHard": false,
                    "weightScale": [
                        1,
                        1,
                        1
                    ],
                    "mirrored": true,
                    "twinId": 6,
                    "flooded": false,
                    "pathable": false,
                    "mergeable": false,
                    "no_features": false
                },
                {
                    "weight": [
                        0,
                        0,
                        0,
                        0
                    ],
                    "spec": "/pa/terrain/metal/brushes/metal_structure_09.json",
                    "proj": "BP_Bend",
                    "transform": [
                        -0.01444011926651001,
                        -0.9926115274429321,
                        -0.12047328799962997,
                        -79.17001342773438,
                        0.23417675495147705,
                        0.11377767473459244,
                        -0.9655131697654724,
                        -634.4949340820312,
                        0.9720867276191711,
                        -0.04215417057275772,
                        0.23080360889434814,
                        151.67449951171875
                    ],
                    "op": "BO_Add",
                    "rotation": 1.4899989366531372,
                    "scale": [
                        1,
                        1,
                        1
                    ],
                    "height": 657.1582641601562,
                    "position": [
                        -79.1700210571289,
                        -634.4950561523438,
                        151.67434692382812
                    ],
                    "weightHard": false,
                    "weightScale": [
                        1,
                        1,
                        1
                    ],
                    "mirrored": false,
                    "twinId": 48,
                    "flooded": false,
                    "pathable": false,
                    "mergeable": false,
                    "no_features": false
                },
                {
                    "weight": [
                        0,
                        0,
                        0,
                        0
                    ],
                    "spec": "/pa/terrain/metal/brushes/metal_structure_09.json",
                    "proj": "BP_Bend",
                    "transform": [
                        -0.01444011926651001,
                        -0.9926115274429321,
                        -0.12047328799962997,
                        -79.17000579833984,
                        0.23417675495147705,
                        0.11377767473459244,
                        -0.9655131697654724,
                        -634.494873046875,
                        -0.9720867276191711,
                        0.04215417057275772,
                        -0.23080360889434814,
                        -151.67449951171875
                    ],
                    "op": "BO_Add",
                    "rotation": 1.4899989366531372,
                    "scale": [
                        1,
                        1,
                        1
                    ],
                    "height": 657.1582641601562,
                    "position": [
                        -79.1700210571289,
                        -634.4950561523438,
                        151.67434692382812
                    ],
                    "weightHard": false,
                    "weightScale": [
                        1,
                        1,
                        1
                    ],
                    "mirrored": true,
                    "twinId": 48,
                    "flooded": false,
                    "pathable": false,
                    "mergeable": false,
                    "no_features": false
                },
                {
                    "weight": [
                        0,
                        0,
                        0,
                        0
                    ],
                    "spec": "/pa/terrain/metal/brushes/metal_structure_09.json",
                    "proj": "BP_Bend",
                    "transform": [
                        -0.0018240958452224731,
                        0.9912137389183044,
                        -0.1322575956583023,
                        -86.8284683227539,
                        -0.00030873529613018036,
                        0.13225726783275604,
                        0.9912153482437134,
                        650.7430419921875,
                        0.9999982714653015,
                        0.0018488913774490356,
                        0.00006479024887084961,
                        0.042535461485385895
                    ],
                    "op": "BO_Add",
                    "rotation": -1.439998984336853,
                    "scale": [
                        1,
                        1,
                        1
                    ],
                    "height": 656.51025390625,
                    "position": [
                        -86.82847595214844,
                        650.7430419921875,
                        0.042476654052734375
                    ],
                    "weightHard": false,
                    "weightScale": [
                        1,
                        1,
                        1
                    ],
                    "mirrored": false,
                    "twinId": 49,
                    "flooded": false,
                    "pathable": false,
                    "mergeable": false,
                    "no_features": false
                },
                {
                    "weight": [
                        0,
                        0,
                        0,
                        0
                    ],
                    "spec": "/pa/terrain/metal/brushes/metal_structure_09.json",
                    "proj": "BP_Bend",
                    "transform": [
                        -0.0018240958452224731,
                        0.9912137389183044,
                        -0.1322575956583023,
                        -86.8284683227539,
                        -0.00030873529613018036,
                        0.13225726783275604,
                        0.9912153482437134,
                        650.7430419921875,
                        -0.9999982714653015,
                        -0.0018488913774490356,
                        -0.00006479024887084961,
                        -0.042535461485385895
                    ],
                    "op": "BO_Add",
                    "rotation": -1.439998984336853,
                    "scale": [
                        1,
                        1,
                        1
                    ],
                    "height": 656.51025390625,
                    "position": [
                        -86.82847595214844,
                        650.7430419921875,
                        0.042476654052734375
                    ],
                    "weightHard": false,
                    "weightScale": [
                        1,
                        1,
                        1
                    ],
                    "mirrored": true,
                    "twinId": 49,
                    "flooded": false,
                    "pathable": false,
                    "mergeable": false,
                    "no_features": false
                },
                {
                    "weight": [
                        0,
                        0,
                        0,
                        0
                    ],
                    "spec": "/pa/terrain/metal/brushes/metal_structure_09.json",
                    "proj": "BP_Bend",
                    "transform": [
                        0.007775396108627319,
                        0.9911503791809082,
                        0.13251608610153198,
                        86.83058166503906,
                        0.0013839248567819595,
                        0.13250930607318878,
                        -0.9911807775497437,
                        -649.4668579101562,
                        -0.9999688267707825,
                        0.007890209555625916,
                        -0.0003414154052734375,
                        -0.22371093928813934
                    ],
                    "op": "BO_Add",
                    "rotation": -1.4299989938735962,
                    "scale": [
                        1,
                        1,
                        1
                    ],
                    "height": 655.24560546875,
                    "position": [
                        86.83058166503906,
                        -649.4668579101562,
                        -0.2237234115600586
                    ],
                    "weightHard": false,
                    "weightScale": [
                        1,
                        1,
                        1
                    ],
                    "mirrored": false,
                    "twinId": 50,
                    "flooded": false,
                    "pathable": false,
                    "mergeable": false,
                    "no_features": false
                },
                {
                    "weight": [
                        0,
                        0,
                        0,
                        0
                    ],
                    "spec": "/pa/terrain/metal/brushes/metal_structure_09.json",
                    "proj": "BP_Bend",
                    "transform": [
                        0.007775396108627319,
                        0.9911503791809082,
                        0.13251608610153198,
                        86.83058166503906,
                        0.0013839248567819595,
                        0.13250930607318878,
                        -0.9911807775497437,
                        -649.4668579101562,
                        0.9999688267707825,
                        -0.007890209555625916,
                        0.0003414154052734375,
                        0.22371092438697815
                    ],
                    "op": "BO_Add",
                    "rotation": -1.4299989938735962,
                    "scale": [
                        1,
                        1,
                        1
                    ],
                    "height": 655.24560546875,
                    "position": [
                        86.83058166503906,
                        -649.4668579101562,
                        -0.2237234115600586
                    ],
                    "weightHard": false,
                    "weightScale": [
                        1,
                        1,
                        1
                    ],
                    "mirrored": true,
                    "twinId": 50,
                    "flooded": false,
                    "pathable": false,
                    "mergeable": false,
                    "no_features": false
                },
                {
                    "weight": [
                        0,
                        0,
                        0,
                        0
                    ],
                    "spec": "/pa/terrain/metal/brushes/metal_structure_09.json",
                    "proj": "BP_Bend",
                    "transform": [
                        0.004666738212108612,
                        0.9903398156166077,
                        0.13858264684677124,
                        90.95633697509766,
                        -0.44593337178230286,
                        0.12610265612602234,
                        -0.8861384987831116,
                        -581.601806640625,
                        -0.8950539231300354,
                        -0.057663239538669586,
                        0.44221407175064087,
                        290.2396240234375
                    ],
                    "op": "BO_Add",
                    "rotation": -1.4799989461898804,
                    "scale": [
                        1,
                        1,
                        1
                    ],
                    "height": 656.3328247070312,
                    "position": [
                        90.95635223388672,
                        -581.601806640625,
                        290.2396240234375
                    ],
                    "weightHard": false,
                    "weightScale": [
                        1,
                        1,
                        1
                    ],
                    "mirrored": false,
                    "twinId": 51,
                    "flooded": false,
                    "pathable": false,
                    "mergeable": false,
                    "no_features": false
                },
                {
                    "weight": [
                        0,
                        0,
                        0,
                        0
                    ],
                    "spec": "/pa/terrain/metal/brushes/metal_structure_09.json",
                    "proj": "BP_Bend",
                    "transform": [
                        0.004666738212108612,
                        0.9903398156166077,
                        0.13858264684677124,
                        90.95632934570312,
                        -0.44593337178230286,
                        0.12610265612602234,
                        -0.8861384987831116,
                        -581.601806640625,
                        0.8950539231300354,
                        0.057663239538669586,
                        -0.44221407175064087,
                        -290.2396240234375
                    ],
                    "op": "BO_Add",
                    "rotation": -1.4799989461898804,
                    "scale": [
                        1,
                        1,
                        1
                    ],
                    "height": 656.3328247070312,
                    "position": [
                        90.95635223388672,
                        -581.601806640625,
                        290.2396240234375
                    ],
                    "weightHard": false,
                    "weightScale": [
                        1,
                        1,
                        1
                    ],
                    "mirrored": true,
                    "twinId": 51,
                    "flooded": false,
                    "pathable": false,
                    "mergeable": false,
                    "no_features": false
                },
                {
                    "weight": [
                        0,
                        0,
                        0,
                        0
                    ],
                    "spec": "/pa/terrain/metal/brushes/metal_structure_09.json",
                    "proj": "BP_Bend",
                    "transform": [
                        0.005553051829338074,
                        -0.9933151602745056,
                        -0.11530028283596039,
                        -75.62864685058594,
                        0.628353476524353,
                        0.09316185116767883,
                        -0.7723294496536255,
                        -506.5922546386719,
                        0.7779081463813782,
                        -0.06816054880619049,
                        0.6246703863143921,
                        409.73858642578125
                    ],
                    "op": "BO_Add",
                    "rotation": 1.5099989175796509,
                    "scale": [
                        1,
                        1,
                        1
                    ],
                    "height": 655.9276733398438,
                    "position": [
                        -75.62864685058594,
                        -506.5922546386719,
                        409.73858642578125
                    ],
                    "weightHard": false,
                    "weightScale": [
                        1,
                        1,
                        1
                    ],
                    "mirrored": false,
                    "twinId": 52,
                    "flooded": false,
                    "pathable": false,
                    "mergeable": false,
                    "no_features": false
                },
                {
                    "weight": [
                        0,
                        0,
                        0,
                        0
                    ],
                    "spec": "/pa/terrain/metal/brushes/metal_structure_09.json",
                    "proj": "BP_Bend",
                    "transform": [
                        0.005553051829338074,
                        -0.9933151602745056,
                        -0.11530028283596039,
                        -75.62864685058594,
                        0.628353476524353,
                        0.09316185116767883,
                        -0.7723294496536255,
                        -506.5922546386719,
                        -0.7779081463813782,
                        0.06816054880619049,
                        -0.6246703863143921,
                        -409.73858642578125
                    ],
                    "op": "BO_Add",
                    "rotation": 1.5099989175796509,
                    "scale": [
                        1,
                        1,
                        1
                    ],
                    "height": 655.9276733398438,
                    "position": [
                        -75.62864685058594,
                        -506.5922546386719,
                        409.73858642578125
                    ],
                    "weightHard": false,
                    "weightScale": [
                        1,
                        1,
                        1
                    ],
                    "mirrored": true,
                    "twinId": 52,
                    "flooded": false,
                    "pathable": false,
                    "mergeable": false,
                    "no_features": false
                },
                {
                    "weight": [
                        0,
                        0,
                        0,
                        0
                    ],
                    "spec": "/pa/terrain/metal/brushes/metal_structure_09.json",
                    "proj": "BP_Bend",
                    "transform": [
                        -0.010036244988441467,
                        -0.9916449189186096,
                        0.12860670685768127,
                        84.42211151123047,
                        -0.2172708362340927,
                        0.12770305573940277,
                        0.967721700668335,
                        635.2476196289062,
                        -0.9760597944259644,
                        -0.018230170011520386,
                        -0.21673715114593506,
                        -142.2741241455078
                    ],
                    "op": "BO_Add",
                    "rotation": 1.4199990034103394,
                    "scale": [
                        1,
                        1,
                        1
                    ],
                    "height": 656.436279296875,
                    "position": [
                        84.422119140625,
                        635.2476806640625,
                        -142.2740478515625
                    ],
                    "weightHard": false,
                    "weightScale": [
                        1,
                        1,
                        1
                    ],
                    "mirrored": false,
                    "twinId": 53,
                    "flooded": false,
                    "pathable": false,
                    "mergeable": false,
                    "no_features": false
                },
                {
                    "weight": [
                        0,
                        0,
                        0,
                        0
                    ],
                    "spec": "/pa/terrain/metal/brushes/metal_structure_09.json",
                    "proj": "BP_Bend",
                    "transform": [
                        -0.010036244988441467,
                        -0.9916449189186096,
                        0.12860670685768127,
                        84.422119140625,
                        -0.2172708362340927,
                        0.12770305573940277,
                        0.967721700668335,
                        635.2476196289062,
                        0.9760597944259644,
                        0.018230170011520386,
                        0.21673715114593506,
                        142.2741241455078
                    ],
                    "op": "BO_Add",
                    "rotation": 1.4199990034103394,
                    "scale": [
                        1,
                        1,
                        1
                    ],
                    "height": 656.436279296875,
                    "position": [
                        84.422119140625,
                        635.2476806640625,
                        -142.2740478515625
                    ],
                    "weightHard": false,
                    "weightScale": [
                        1,
                        1,
                        1
                    ],
                    "mirrored": true,
                    "twinId": 53,
                    "flooded": false,
                    "pathable": false,
                    "mergeable": false,
                    "no_features": false
                },
                {
                    "weight": [
                        0,
                        0,
                        0,
                        0
                    ],
                    "spec": "/pa/terrain/metal/brushes/metal_structure_09.json",
                    "proj": "BP_Bend",
                    "transform": [
                        0.002798035740852356,
                        0.9921336770057678,
                        -0.1251516193151474,
                        -82.18599700927734,
                        0.4287373423576355,
                        0.11187577992677689,
                        0.8964753746986389,
                        588.7077026367188,
                        0.903424859046936,
                        -0.056165553629398346,
                        -0.4250516891479492,
                        -279.1278076171875
                    ],
                    "op": "BO_Add",
                    "rotation": -1.3699990510940552,
                    "scale": [
                        1,
                        1,
                        1
                    ],
                    "height": 656.6914672851562,
                    "position": [
                        -82.18600463867188,
                        588.707763671875,
                        -279.1278076171875
                    ],
                    "weightHard": false,
                    "weightScale": [
                        1,
                        1,
                        1
                    ],
                    "mirrored": false,
                    "twinId": 54,
                    "flooded": false,
                    "pathable": false,
                    "mergeable": false,
                    "no_features": false
                },
                {
                    "weight": [
                        0,
                        0,
                        0,
                        0
                    ],
                    "spec": "/pa/terrain/metal/brushes/metal_structure_09.json",
                    "proj": "BP_Bend",
                    "transform": [
                        0.002798035740852356,
                        0.9921336770057678,
                        -0.1251516193151474,
                        -82.18600463867188,
                        0.4287373423576355,
                        0.11187577992677689,
                        0.8964753746986389,
                        588.7077026367188,
                        -0.903424859046936,
                        0.056165553629398346,
                        0.4250516891479492,
                        279.1278076171875
                    ],
                    "op": "BO_Add",
                    "rotation": -1.3699990510940552,
                    "scale": [
                        1,
                        1,
                        1
                    ],
                    "height": 656.6914672851562,
                    "position": [
                        -82.18600463867188,
                        588.707763671875,
                        -279.1278076171875
                    ],
                    "weightHard": false,
                    "weightScale": [
                        1,
                        1,
                        1
                    ],
                    "mirrored": true,
                    "twinId": 54,
                    "flooded": false,
                    "pathable": false,
                    "mergeable": false,
                    "no_features": false
                },
                {
                    "weight": [
                        0,
                        0,
                        0,
                        0
                    ],
                    "spec": "/pa/terrain/metal/brushes/metal_structure_09.json",
                    "proj": "BP_Bend",
                    "transform": [
                        0.0005694031715393066,
                        -0.9912068843841553,
                        0.13232026994228363,
                        86.93900299072266,
                        -0.6143146753311157,
                        0.10406211018562317,
                        0.7821689248085022,
                        513.912109375,
                        -0.7890607118606567,
                        -0.08173169195652008,
                        -0.6088536977767944,
                        -400.0379943847656
                    ],
                    "op": "BO_Add",
                    "rotation": 1.2999991178512573,
                    "scale": [
                        1,
                        1,
                        1
                    ],
                    "height": 657.03466796875,
                    "position": [
                        86.93901062011719,
                        513.912109375,
                        -400.0381164550781
                    ],
                    "weightHard": false,
                    "weightScale": [
                        1,
                        1,
                        1
                    ],
                    "mirrored": false,
                    "twinId": 55,
                    "flooded": false,
                    "pathable": false,
                    "mergeable": false,
                    "no_features": false
                },
                {
                    "weight": [
                        0,
                        0,
                        0,
                        0
                    ],
                    "spec": "/pa/terrain/metal/brushes/metal_structure_09.json",
                    "proj": "BP_Bend",
                    "transform": [
                        0.0005694031715393066,
                        -0.9912068843841553,
                        0.13232026994228363,
                        86.93900299072266,
                        -0.6143146753311157,
                        0.10406211018562317,
                        0.7821689248085022,
                        513.912109375,
                        0.7890607118606567,
                        0.08173169195652008,
                        0.6088536977767944,
                        400.0379943847656
                    ],
                    "op": "BO_Add",
                    "rotation": 1.2999991178512573,
                    "scale": [
                        1,
                        1,
                        1
                    ],
                    "height": 657.03466796875,
                    "position": [
                        86.93901062011719,
                        513.912109375,
                        -400.0381164550781
                    ],
                    "weightHard": false,
                    "weightScale": [
                        1,
                        1,
                        1
                    ],
                    "mirrored": true,
                    "twinId": 55,
                    "flooded": false,
                    "pathable": false,
                    "mergeable": false,
                    "no_features": false
                },
                {
                    "weight": [
                        0,
                        0,
                        0,
                        0
                    ],
                    "spec": "/pa/terrain/metal/brushes/metal_structure_09.json",
                    "proj": "BP_Bend",
                    "transform": [
                        -0.01091340184211731,
                        0.9909014105796814,
                        -0.13414621353149414,
                        -88.03704071044922,
                        0.7715309262275696,
                        0.09368477761745453,
                        0.6292557120323181,
                        412.96588134765625,
                        0.6360978484153748,
                        -0.09663063287734985,
                        -0.7655335664749146,
                        -502.40185546875
                    ],
                    "op": "BO_Add",
                    "rotation": -1.2099992036819458,
                    "scale": [
                        1,
                        1,
                        1
                    ],
                    "height": 656.2767333984375,
                    "position": [
                        -88.03704071044922,
                        412.96588134765625,
                        -502.4020080566406
                    ],
                    "weightHard": false,
                    "weightScale": [
                        1,
                        1,
                        1
                    ],
                    "mirrored": false,
                    "twinId": 56,
                    "flooded": false,
                    "pathable": false,
                    "mergeable": false,
                    "no_features": false
                },
                {
                    "weight": [
                        0,
                        0,
                        0,
                        0
                    ],
                    "spec": "/pa/terrain/metal/brushes/metal_structure_09.json",
                    "proj": "BP_Bend",
                    "transform": [
                        -0.01091340184211731,
                        0.9909014105796814,
                        -0.13414621353149414,
                        -88.03704071044922,
                        0.7715309262275696,
                        0.09368477761745453,
                        0.6292557120323181,
                        412.96588134765625,
                        -0.6360978484153748,
                        0.09663063287734985,
                        0.7655335664749146,
                        502.4018859863281
                    ],
                    "op": "BO_Add",
                    "rotation": -1.2099992036819458,
                    "scale": [
                        1,
                        1,
                        1
                    ],
                    "height": 656.2767333984375,
                    "position": [
                        -88.03704071044922,
                        412.96588134765625,
                        -502.4020080566406
                    ],
