{
    "name": "Chungus 5v5 V2",
    "description": "A very big 5v5 map.",
    "version": "2.00",
    "creator": "KillerKiwiJuice",
    "players": [
        10,
        10
    ],
    "planets": [
        {
            "name": "Chungus",
            "mass": 5000,
            "position_x": 6891.50341796875,
            "position_y": -28228.66015625,
            "velocity_x": 127.43342590332031,
            "velocity_y": 31.110511779785156,
            "required_thrust_to_move": 3,
            "starting_planet": true,
            "respawn": false,
            "start_destroyed": false,
            "min_spawn_delay": 0,
            "max_spawn_delay": 0,
            "planet": {
                "seed": 1085055616,
                "radius": 870,
                "heightRange": 0,
                "waterHeight": 0,
                "waterDepth": 100,
                "temperature": 0,
                "metalDensity": 25,
                "metalClusters": 25,
                "metalSpotLimit": -1,
                "biomeScale": 50,
                "biome": "moon",
                "symmetryType": "terrain and CSG",
                "symmetricalMetal": true,
                "symmetricalStarts": false,
                "numArmies": 2,
                "landingZonesPerArmy": 0,
                "landingZoneSize": 0
            },
            "planetCSG": [
                {
                    "spec": "/pa/terrain/mountain/brushes/mountain_plateau_04.json",
                    "proj": "BP_Bend",
                    "op": "BO_Add",
                    "position": [
                        78.59600830078125,
                        -848.6534423828125,
                        -151.20840454101562
                    ],
                    "height": 865.5946044921875,
                    "transform": [
                        0.9900102615356445,
                        0.10786567628383636,
                        0.09080001711845398,
                        78.59600830078125,
                        0.10786567628383636,
                        -0.164697527885437,
                        -0.9804282188415527,
                        -848.6533813476562,
                        -0.09080001711845398,
                        0.9804282188415527,
                        -0.17468726634979248,
                        -151.20835876464844
                    ],
                    "scale": [
                        1,
                        1,
                        1
                    ],
                    "rotation": 0,
                    "weight": [
                        0,
                        0,
                        0,
                        0
                    ],
                    "weightHard": false,
                    "weightScale": [
                        1,
                        1,
                        1
                    ],
                    "mirrored": false,
                    "twinId": 0,
                    "flooded": false,
                    "pathable": false,
                    "mergeable": false,
                    "no_features": false
                },
                {
                    "spec": "/pa/terrain/mountain/brushes/mountain_plateau_04.json",
                    "proj": "BP_Bend",
                    "op": "BO_Add",
                    "position": [
                        78.59600830078125,
                        -848.6534423828125,
                        -151.20840454101562
                    ],
                    "height": 865.5946044921875,
                    "transform": [
                        0.9900102615356445,
                        0.10786567628383636,
                        0.09080001711845398,
                        78.59600830078125,
                        0.10786567628383636,
                        -0.164697527885437,
                        -0.9804282188415527,
                        -848.6533813476562,
                        0.09080001711845398,
                        -0.9804282188415527,
                        0.17468726634979248,
                        151.20835876464844
                    ],
                    "scale": [
                        1,
                        1,
                        1
                    ],
                    "rotation": 0,
                    "weight": [
                        0,
                        0,
                        0,
                        0
                    ],
                    "weightHard": false,
                    "weightScale": [
                        1,
                        1,
                        1
                    ],
                    "mirrored": true,
                    "twinId": 0,
                    "flooded": false,
                    "pathable": false,
                    "mergeable": false,
                    "no_features": false
                },
                {
                    "spec": "/pa/terrain/mountain/brushes/mountain_plateau_04.json",
                    "proj": "BP_Bend",
                    "op": "BO_Add",
                    "position": [
                        58.202449798583984,
                        -846.162109375,
                        -176.38430786132812
                    ],
                    "height": 866.3078002929688,
                    "transform": [
                        0.9943322539329529,
                        0.08239895850419998,
                        0.06718449294567108,
                        58.202449798583984,
                        0.08239895850419998,
                        -0.19793713092803955,
                        -0.9767453074455261,
                        -846.1620483398438,
                        -0.06718449294567108,
                        0.9767453074455261,
                        -0.2036048173904419,
                        -176.3844451904297
                    ],
                    "scale": [
                        1,
                        1,
                        1
                    ],
                    "rotation": 0,
                    "weight": [
                        0,
                        0,
                        0,
                        0
                    ],
                    "weightHard": false,
                    "weightScale": [
                        1,
                        1,
                        1
                    ],
                    "mirrored": false,
                    "twinId": 0,
                    "flooded": false,
                    "pathable": false,
                    "mergeable": false,
                    "no_features": false
                },
                {
                    "spec": "/pa/terrain/mountain/brushes/mountain_plateau_04.json",
                    "proj": "BP_Bend",
                    "op": "BO_Add",
                    "position": [
                        58.202449798583984,
                        -846.162109375,
                        -176.38430786132812
                    ],
                    "height": 866.3078002929688,
                    "transform": [
                        0.9943322539329529,
                        0.08239895850419998,
                        0.06718449294567108,
                        58.202449798583984,
                        0.08239895850419998,
                        -0.19793713092803955,
                        -0.9767453074455261,
                        -846.1620483398438,
                        0.06718449294567108,
                        -0.9767453074455261,
                        0.2036048173904419,
                        176.38446044921875
                    ],
                    "scale": [
                        1,
                        1,
                        1
                    ],
                    "rotation": 0,
                    "weight": [
                        0,
                        0,
                        0,
                        0
                    ],
                    "weightHard": false,
                    "weightScale": [
                        1,
                        1,
                        1
                    ],
                    "mirrored": true,
                    "twinId": 0,
                    "flooded": false,
                    "pathable": false,
                    "mergeable": false,
                    "no_features": false
                },
                {
                    "spec": "/pa/terrain/mountain/brushes/mountain_plateau_04.json",
                    "proj": "BP_Bend",
                    "op": "BO_Add",
                    "position": [
                        53.12205505371094,
                        -842.1837768554688,
                        -197.6866455078125
                    ],
                    "height": 866.7037963867188,
                    "transform": [
                        0.9951332211494446,
                        0.07715672999620438,
                        0.06129206344485283,
                        53.12206268310547,
                        0.07715672999620438,
                        -0.22322344779968262,
                        -0.9717090129852295,
                        -842.1838989257812,
                        -0.06129206344485283,
                        0.9717090129852295,
                        -0.2280902862548828,
                        -197.6867218017578
                    ],
                    "scale": [
                        1,
                        1,
                        1
                    ],
                    "rotation": 0,
                    "weight": [
                        0,
                        0,
                        0,
                        0
                    ],
                    "weightHard": false,
                    "weightScale": [
                        1,
                        1,
                        1
                    ],
                    "mirrored": false,
                    "twinId": 0,
                    "flooded": false,
                    "pathable": false,
                    "mergeable": false,
                    "no_features": false
                },
                {
                    "spec": "/pa/terrain/mountain/brushes/mountain_plateau_04.json",
                    "proj": "BP_Bend",
                    "op": "BO_Add",
                    "position": [
                        53.12205505371094,
                        -842.1837768554688,
                        -197.6866455078125
                    ],
                    "height": 866.7037963867188,
                    "transform": [
                        0.9951332211494446,
                        0.07715672999620438,
                        0.06129206344485283,
                        53.12206268310547,
                        0.07715672999620438,
                        -0.22322344779968262,
                        -0.9717090129852295,
                        -842.183837890625,
                        0.06129206344485283,
                        -0.9717090129852295,
                        0.2280902862548828,
                        197.6867218017578
                    ],
                    "scale": [
                        1,
                        1,
                        1
                    ],
                    "rotation": 0,
                    "weight": [
                        0,
                        0,
                        0,
                        0
                    ],
                    "weightHard": false,
                    "weightScale": [
                        1,
                        1,
                        1
                    ],
                    "mirrored": true,
                    "twinId": 0,
                    "flooded": false,
                    "pathable": false,
                    "mergeable": false,
                    "no_features": false
                },
                {
                    "spec": "/pa/terrain/mountain/brushes/mountain_plateau_04.json",
                    "proj": "BP_Bend",
                    "op": "BO_Add",
                    "position": [
                        51.696537017822266,
                        -836.308837890625,
                        -222.1810302734375
                    ],
                    "height": 866.8618774414062,
                    "transform": [
                        0.9952178001403809,
                        0.0773630440235138,
                        0.0596364326775074,
                        51.69654846191406,
                        0.0773630440235138,
                        -0.25152266025543213,
                        -0.964754581451416,
                        -836.3089599609375,
                        -0.0596364326775074,
                        0.964754581451416,
                        -0.25630486011505127,
                        -222.180908203125
                    ],
                    "scale": [
                        1,
                        1,
                        1
                    ],
                    "rotation": 0,
                    "weight": [
                        0,
                        0,
                        0,
                        0
                    ],
                    "weightHard": false,
                    "weightScale": [
                        1,
                        1,
                        1
                    ],
                    "mirrored": false,
                    "twinId": 0,
                    "flooded": false,
                    "pathable": false,
                    "mergeable": false,
                    "no_features": false
                },
                {
                    "spec": "/pa/terrain/mountain/brushes/mountain_plateau_04.json",
                    "proj": "BP_Bend",
                    "op": "BO_Add",
                    "position": [
                        51.696537017822266,
                        -836.308837890625,
                        -222.1810302734375
                    ],
                    "height": 866.8618774414062,
                    "transform": [
                        0.9952178001403809,
                        0.0773630440235138,
                        0.0596364326775074,
                        51.69654846191406,
                        0.0773630440235138,
                        -0.25152266025543213,
                        -0.964754581451416,
                        -836.3088989257812,
                        0.0596364326775074,
                        -0.964754581451416,
                        0.25630486011505127,
                        222.180908203125
                    ],
                    "scale": [
                        1,
                        1,
                        1
                    ],
                    "rotation": 0,
                    "weight": [
                        0,
                        0,
                        0,
                        0
                    ],
                    "weightHard": false,
                    "weightScale": [
                        1,
                        1,
                        1
                    ],
                    "mirrored": true,
                    "twinId": 0,
                    "flooded": false,
                    "pathable": false,
                    "mergeable": false,
                    "no_features": false
                },
                {
                    "spec": "/pa/terrain/mountain/brushes/mountain_mountain_01.json",
                    "proj": "BP_Bend",
                    "op": "BO_Add",
                    "position": [
                        66.37751770019531,
                        -829.3765869140625,
                        -242.79161071777344
                    ],
                    "height": 866.7290649414062,
                    "transform": [
                        0.39747369289398193,
                        0.5244618654251099,
                        0.05054541677236557,
                        66.37751770019531,
                        0.1770811378955841,
                        -0.0733375996351242,
                        -0.6315569877624512,
                        -829.3765258789062,
                        -0.4962432086467743,
                        0.39390578866004944,
                        -0.18488182127475739,
                        -242.7914581298828
                    ],
                    "scale": [
                        0.6600003242492676,
                        0.6600003242492676,
                        0.6600003242492676
                    ],
                    "rotation": -0.8199995160102844,
                    "weight": [
                        0,
                        0,
                        0,
                        0
                    ],
                    "weightHard": false,
                    "weightScale": [
                        1,
                        1,
                        1
                    ],
                    "mirrored": false,
                    "twinId": 0,
                    "flooded": false,
                    "pathable": false,
                    "mergeable": false,
                    "no_features": true
                },
                {
                    "spec": "/pa/terrain/mountain/brushes/mountain_mountain_01.json",
                    "proj": "BP_Bend",
                    "op": "BO_Add",
                    "position": [
                        66.37751770019531,
                        -829.3765869140625,
                        -242.79161071777344
                    ],
                    "height": 866.7290649414062,
                    "transform": [
                        0.39747369289398193,
                        0.5244618654251099,
                        0.05054541677236557,
                        66.37751770019531,
                        0.1770811378955841,
                        -0.0733375996351242,
                        -0.6315569877624512,
                        -829.3765258789062,
                        0.4962432086467743,
                        -0.39390578866004944,
                        0.18488182127475739,
                        242.79144287109375
                    ],
                    "scale": [
                        0.6600003242492676,
                        0.6600003242492676,
                        0.6600003242492676
                    ],
                    "rotation": -0.8199995160102844,
                    "weight": [
                        0,
                        0,
                        0,
                        0
                    ],
                    "weightHard": false,
                    "weightScale": [
                        1,
                        1,
                        1
                    ],
                    "mirrored": true,
                    "twinId": 0,
                    "flooded": false,
                    "pathable": false,
                    "mergeable": false,
                    "no_features": true
                },
                {
                    "spec": "/pa/terrain/mountain/brushes/mountain_mountain_06.json",
                    "proj": "BP_Bend",
                    "op": "BO_Add",
                    "position": [
                        -293.21002197265625,
                        -536.5770263671875,
                        621.1437377929688
                    ],
                    "height": 871.6114501953125,
                    "transform": [
                        0.8964737057685852,
                        0.2883921265602112,
                        -0.3363998830318451,
                        -293.2099914550781,
                        -0.4410882592201233,
                        0.6530386805534363,
                        -0.6156148314476013,
                        -536.5769653320312,
                        0.042143672704696655,
                        0.7002645134925842,
                        0.7126383781433105,
                        621.143798828125
                    ],
                    "scale": [
                        1,
                        1,
                        1
                    ],
                    "rotation": -0.440000057220459,
                    "weight": [
                        0,
                        0,
                        0,
                        0
                    ],
                    "weightHard": false,
                    "weightScale": [
                        1,
                        1,
                        1
                    ],
                    "mirrored": false,
                    "twinId": 0,
                    "flooded": false,
                    "pathable": false,
                    "mergeable": false,
                    "no_features": true
                },
                {
                    "spec": "/pa/terrain/mountain/brushes/mountain_mountain_06.json",
                    "proj": "BP_Bend",
                    "op": "BO_Add",
                    "position": [
                        -293.21002197265625,
                        -536.5770263671875,
                        621.1437377929688
                    ],
                    "height": 871.6114501953125,
                    "transform": [
                        0.8964737057685852,
                        0.2883921265602112,
                        -0.3363998830318451,
                        -293.2099914550781,
                        -0.4410882592201233,
                        0.6530386805534363,
                        -0.6156148314476013,
                        -536.5769653320312,
                        -0.042143672704696655,
                        -0.7002645134925842,
                        -0.7126383781433105,
                        -621.143798828125
                    ],
                    "scale": [
                        1,
                        1,
                        1
                    ],
                    "rotation": -0.440000057220459,
                    "weight": [
                        0,
                        0,
                        0,
                        0
                    ],
                    "weightHard": false,
                    "weightScale": [
                        1,
                        1,
                        1
                    ],
                    "mirrored": true,
                    "twinId": 0,
                    "flooded": false,
                    "pathable": false,
                    "mergeable": false,
                    "no_features": true
                },
                {
                    "spec": "/pa/terrain/mountain/brushes/mountain_mountain_06.json",
                    "proj": "BP_Bend",
                    "op": "BO_Add",
                    "position": [
                        -580.7664184570312,
                        3.19744873046875,
                        646.5090942382812
                    ],
                    "height": 869.06494140625,
                    "transform": [
                        0.3253827691078186,
                        -0.6689894795417786,
                        -0.6682658195495605,
                        -580.7664184570312,
                        0.900707483291626,
                        0.4344104826450348,
                        0.0036791826132684946,
                        3.19744873046875,
                        0.287840336561203,
                        -0.6031091809272766,
                        0.7439135313034058,
                        646.5091552734375
                    ],
                    "scale": [
                        1,
                        1,
                        1
                    ],
                    "rotation": 1.1199995279312134,
                    "weight": [
                        0,
                        0,
                        0,
                        0
                    ],
                    "weightHard": false,
                    "weightScale": [
                        1,
                        1,
                        1
                    ],
                    "mirrored": false,
                    "twinId": 0,
                    "flooded": false,
                    "pathable": false,
                    "mergeable": false,
                    "no_features": true
                },
                {
                    "spec": "/pa/terrain/mountain/brushes/mountain_mountain_06.json",
                    "proj": "BP_Bend",
                    "op": "BO_Add",
                    "position": [
                        -580.7664184570312,
                        3.19744873046875,
                        646.5090942382812
                    ],
                    "height": 869.06494140625,
                    "transform": [
                        0.3253827691078186,
                        -0.6689894795417786,
                        -0.6682658195495605,
                        -580.7664184570312,
                        0.900707483291626,
                        0.4344104826450348,
                        0.0036791826132684946,
                        3.19744873046875,
                        -0.287840336561203,
                        0.6031091809272766,
                        -0.7439135313034058,
                        -646.5091552734375
                    ],
                    "scale": [
                        1,
                        1,
                        1
                    ],
                    "rotation": 1.1199995279312134,
                    "weight": [
                        0,
                        0,
                        0,
                        0
                    ],
                    "weightHard": false,
                    "weightScale": [
                        1,
                        1,
                        1
                    ],
                    "mirrored": true,
                    "twinId": 0,
                    "flooded": false,
                    "pathable": false,
                    "mergeable": false,
                    "no_features": true
                },
                {
                    "spec": "/pa/terrain/mountain/brushes/mountain_mountain_06.json",
                    "proj": "BP_Bend",
                    "op": "BO_Add",
                    "position": [
                        -483.67974853515625,
                        -367.3172607421875,
                        625.1177978515625
                    ],
                    "height": 871.573486328125,
                    "transform": [
                        0.32879960536956787,
                        -0.7641474008560181,
                        -0.5549500584602356,
                        -483.67974853515625,
                        0.6808506846427917,
                        0.5990237593650818,
                        -0.42144152522087097,
                        -367.3172607421875,
                        0.654471755027771,
                        -0.23926828801631927,
                        0.7172290086746216,
                        625.1177978515625
                    ],
                    "scale": [
                        1,
                        1,
                        1
                    ],
                    "rotation": 0.9999995827674866,
                    "weight": [
                        0,
                        0,
                        0,
                        0
                    ],
                    "weightHard": false,
                    "weightScale": [
                        1,
                        1,
                        1
                    ],
                    "mirrored": false,
                    "twinId": 0,
                    "flooded": false,
                    "pathable": false,
                    "mergeable": false,
                    "no_features": true
                },
                {
                    "spec": "/pa/terrain/mountain/brushes/mountain_mountain_06.json",
                    "proj": "BP_Bend",
                    "op": "BO_Add",
                    "position": [
                        -483.67974853515625,
                        -367.3172607421875,
                        625.1177978515625
                    ],
                    "height": 871.573486328125,
                    "transform": [
                        0.32879960536956787,
                        -0.7641474008560181,
                        -0.5549500584602356,
                        -483.67974853515625,
                        0.6808506846427917,
                        0.5990237593650818,
                        -0.42144152522087097,
                        -367.3172607421875,
                        -0.654471755027771,
                        0.23926828801631927,
                        -0.7172290086746216,
                        -625.1177978515625
                    ],
                    "scale": [
                        1,
                        1,
                        1
                    ],
                    "rotation": 0.9999995827674866,
                    "weight": [
                        0,
                        0,
                        0,
                        0
                    ],
                    "weightHard": false,
                    "weightScale": [
                        1,
                        1,
                        1
                    ],
                    "mirrored": true,
                    "twinId": 0,
                    "flooded": false,
                    "pathable": false,
                    "mergeable": false,
                    "no_features": true
                },
                {
                    "spec": "/pa/terrain/mountain/brushes/mountain_mountain_06.json",
                    "proj": "BP_Bend",
                    "op": "BO_Add",
                    "position": [
                        -163.51873779296875,
                        449.9239501953125,
                        724.0166015625
                    ],
                    "height": 867.9688720703125,
                    "transform": [
                        0.9141188263893127,
                        0.35901978611946106,
                        -0.18839238584041595,
                        -163.5187225341797,
                        -0.21794262528419495,
                        0.826921820640564,
                        0.5183640718460083,
                        449.92388916015625,
                        0.3418887257575989,
                        -0.43278759717941284,
                        0.8341504335403442,
                        724.0166015625
                    ],
                    "scale": [
                        1,
                        1,
                        1
                    ],
                    "rotation": -0.3199999928474426,
                    "weight": [
                        0,
                        0,
                        0,
                        0
                    ],
                    "weightHard": false,
                    "weightScale": [
                        1,
                        1,
                        1
                    ],
                    "mirrored": false,
                    "twinId": 0,
                    "flooded": false,
                    "pathable": false,
                    "mergeable": false,
                    "no_features": true
                },
                {
                    "spec": "/pa/terrain/mountain/brushes/mountain_mountain_06.json",
                    "proj": "BP_Bend",
                    "op": "BO_Add",
                    "position": [
                        -163.51873779296875,
                        449.9239501953125,
                        724.0166015625
                    ],
                    "height": 867.9688720703125,
                    "transform": [
                        0.9141188263893127,
                        0.35901978611946106,
                        -0.18839238584041595,
                        -163.5187225341797,
                        -0.21794262528419495,
                        0.826921820640564,
                        0.5183640718460083,
                        449.92388916015625,
                        -0.3418887257575989,
                        0.43278759717941284,
                        -0.8341504335403442,
                        -724.0166015625
                    ],
                    "scale": [
                        1,
                        1,
                        1
                    ],
                    "rotation": -0.3199999928474426,
                    "weight": [
                        0,
                        0,
                        0,
                        0
                    ],
                    "weightHard": false,
                    "weightScale": [
                        1,
                        1,
                        1
                    ],
                    "mirrored": true,
                    "twinId": 0,
                    "flooded": false,
                    "pathable": false,
                    "mergeable": false,
                    "no_features": true
                },
                {
                    "spec": "/pa/terrain/mountain/brushes/mountain_mountain_06.json",
                    "proj": "BP_Bend",
                    "op": "BO_Add",
                    "position": [
                        -486.27178955078125,
                        244.9713134765625,
                        677.47314453125
                    ],
                    "height": 869.1611328125,
                    "transform": [
                        0.8240982294082642,
                        0.0886148139834404,
                        -0.5594725012779236,
                        -486.2717590332031,
                        0.0886148139834404,
                        0.95535808801651,
                        0.2818479835987091,
                        244.9713134765625,
                        0.5594725012779236,
                        -0.2818479835987091,
                        0.779456377029419,
                        677.4732055664062
                    ],
                    "scale": [
                        1,
                        1,
                        1
                    ],
                    "rotation": 0,
                    "weight": [
                        0,
                        0,
                        0,
                        0
                    ],
                    "weightHard": false,
                    "weightScale": [
                        1,
                        1,
                        1
                    ],
                    "mirrored": false,
                    "twinId": 0,
                    "flooded": false,
                    "pathable": false,
                    "mergeable": false,
                    "no_features": true
                },
                {
                    "spec": "/pa/terrain/mountain/brushes/mountain_mountain_06.json",
                    "proj": "BP_Bend",
                    "op": "BO_Add",
                    "position": [
                        -486.27178955078125,
                        244.9713134765625,
                        677.47314453125
                    ],
                    "height": 869.1611328125,
                    "transform": [
                        0.8240982294082642,
                        0.0886148139834404,
                        -0.5594725012779236,
                        -486.2717590332031,
                        0.0886148139834404,
                        0.95535808801651,
                        0.2818479835987091,
                        244.9713134765625,
                        -0.5594725012779236,
                        0.2818479835987091,
                        -0.779456377029419,
                        -677.4732055664062
                    ],
                    "scale": [
                        1,
                        1,
                        1
                    ],
                    "rotation": 0,
                    "weight": [
                        0,
                        0,
                        0,
                        0
                    ],
                    "weightHard": false,
                    "weightScale": [
                        1,
                        1,
                        1
                    ],
                    "mirrored": true,
                    "twinId": 0,
                    "flooded": false,
                    "pathable": false,
                    "mergeable": false,
                    "no_features": true
                },
                {
                    "spec": "/pa/terrain/mountain/brushes/mountain_mountain_06.json",
                    "proj": "BP_Bend",
                    "op": "BO_Add",
                    "position": [
                        22.97604751586914,
                        445.81805419921875,
                        748.029296875
                    ],
                    "height": 871.108154296875,
                    "transform": [
                        0.5122941732406616,
                        0.8584049344062805,
                        0.026375655084848404,
                        22.97604751586914,
                        -0.7445541024208069,
                        0.4286230504512787,
                        0.511782705783844,
                        445.8180847167969,
                        0.42801159620285034,
                        -0.2818213999271393,
                        0.8587099313735962,
                        748.0292358398438
                    ],
                    "scale": [
                        1,
                        1,
                        1
                    ],
                    "rotation": -1.0399996042251587,
                    "weight": [
                        0,
                        0,
                        0,
                        0
                    ],
                    "weightHard": false,
                    "weightScale": [
                        1,
                        1,
                        1
                    ],
                    "mirrored": false,
                    "twinId": 0,
                    "flooded": false,
                    "pathable": false,
                    "mergeable": false,
                    "no_features": true
                },
                {
                    "spec": "/pa/terrain/mountain/brushes/mountain_mountain_06.json",
                    "proj": "BP_Bend",
                    "op": "BO_Add",
                    "position": [
                        22.97604751586914,
                        445.81805419921875,
                        748.029296875
                    ],
                    "height": 871.108154296875,
                    "transform": [
                        0.5122941732406616,
                        0.8584049344062805,
                        0.026375655084848404,
                        22.97604751586914,
                        -0.7445541024208069,
                        0.4286230504512787,
                        0.511782705783844,
                        445.8180847167969,
                        -0.42801159620285034,
                        0.2818213999271393,
                        -0.8587099313735962,
                        -748.029296875
                    ],
                    "scale": [
                        1,
                        1,
                        1
                    ],
                    "rotation": -1.0399996042251587,
                    "weight": [
                        0,
                        0,
                        0,
                        0
                    ],
