{
    "name": "[ICARUS]Vortex Valley 6v6 NS",       "description":"6v6 unshared moon with high metal density. Mirrored North vs South, but spawns are unique for each player per team.",
    "version":"1",
    "creator":"Dissonant",
    "players":[12, 12],
    "planets": [
        {
            "name": "Valley Girl",
            "mass": 5000,
            "position_x": 81400,
            "position_y": 27400,
            "velocity_x": -24.340984344482422,
            "velocity_y": 72.312255859375,
            "required_thrust_to_move": 3,
            "starting_planet": true,
            "respawn": false,
            "start_destroyed": false,
            "min_spawn_delay": 0,
            "max_spawn_delay": 0,
            "planet": {
                "seed": 348979232,
                "radius": 591,
                "heightRange": 0,
                "waterHeight": 0,
                "waterDepth": 100,
                "temperature": 48,
                "metalDensity": 0,
                "metalClusters": 0,
                "metalSpotLimit": -1,
                "biomeScale": 50,
                "biome": "moon",
                "symmetryType": "terrain and CSG",
                "symmetricalMetal": true,
                "symmetricalStarts": true,
                "numArmies": 2,
                "landingZonesPerArmy": 0,
                "landingZoneSize": 0
            },
            "planetCSG": [
                {
                    "weight": [
                        0,
                        0,
                        0,
                        0
                    ],
                    "spec": "/pa/terrain/lava/brushes/lava_plateau_02.json",
                    "proj": "BP_Bend",
                    "transform": [
                        0.9474680423736572,
                        -0.30768418312072754,
                        -0.08737706393003464,
                        -51.421424865722656,
                        -0.30768418312072754,
                        -0.8021329641342163,
                        -0.5117750763893127,
                        -301.17974853515625,
                        0.08737706393003464,
                        0.5117750763893127,
                        -0.8546649217605591,
                        -502.97052001953125
                    ],
                    "op": "BO_Add",
                    "rotation": 0,
                    "scale": [
                        1,
                        1,
                        1
                    ],
                    "height": 588.500244140625,
                    "position": [
                        -51.421417236328125,
                        -301.1796875,
                        -502.9703369140625
                    ],
                    "weightHard": false,
                    "weightScale": [
                        1,
                        1,
                        1
                    ],
                    "mirrored": false,
                    "twinId": 20,
                    "flooded": false,
                    "pathable": false,
                    "mergeable": false,
                    "no_features": false
                },
                {
                    "weight": [
                        0,
                        0,
                        0,
                        0
                    ],
                    "spec": "/pa/terrain/lava/brushes/lava_plateau_02.json",
                    "proj": "BP_Bend",
                    "transform": [
                        0.9474680423736572,
                        -0.30768418312072754,
                        -0.08737706393003464,
                        -51.421424865722656,
                        -0.30768418312072754,
                        -0.8021329641342163,
                        -0.5117750763893127,
                        -301.17974853515625,
                        -0.08737706393003464,
                        -0.5117750763893127,
                        0.8546649217605591,
                        502.97052001953125
                    ],
                    "op": "BO_Add",
                    "rotation": 0,
                    "scale": [
                        1,
                        1,
                        1
                    ],
                    "height": 588.500244140625,
                    "position": [
                        -51.421417236328125,
                        -301.1796875,
                        -502.9703369140625
                    ],
                    "weightHard": false,
                    "weightScale": [
                        1,
                        1,
                        1
                    ],
                    "mirrored": true,
                    "twinId": 20,
                    "flooded": false,
                    "pathable": false,
                    "mergeable": false,
                    "no_features": false
                },
                {
                    "weight": [
                        0,
                        0,
                        0,
                        0
                    ],
                    "spec": "/pa/terrain/lava/brushes/lava_volcano_04.json",
                    "proj": "BP_Bend",
                    "transform": [
                        0.8474666476249695,
                        0.06402509659528732,
                        0.014179598540067673,
                        9.833433151245117,
                        0.06402509659528732,
                        -0.768100917339325,
                        -0.35835981369018555,
                        -248.51956176757812,
                        -0.014179598540067673,
                        0.35835981369018555,
                        -0.7706342339515686,
                        -534.428466796875
                    ],
                    "op": "BO_Add",
                    "rotation": 0,
                    "scale": [
                        0.8500000238418579,
                        0.8500000238418579,
                        0.8500000238418579
                    ],
                    "height": 589.4679565429688,
                    "position": [
                        9.83343505859375,
                        -248.51959228515625,
                        -534.428466796875
                    ],
                    "weightHard": false,
                    "weightScale": [
                        1,
                        1,
                        1
                    ],
                    "mirrored": false,
                    "twinId": 21,
                    "flooded": false,
                    "pathable": false,
                    "mergeable": false,
                    "no_features": false
                },
                {
                    "weight": [
                        0,
                        0,
                        0,
                        0
                    ],
                    "spec": "/pa/terrain/lava/brushes/lava_volcano_04.json",
                    "proj": "BP_Bend",
                    "transform": [
                        0.8474666476249695,
                        0.06402509659528732,
                        0.014179598540067673,
                        9.833433151245117,
                        0.06402509659528732,
                        -0.768100917339325,
                        -0.35835981369018555,
                        -248.51956176757812,
                        0.014179598540067673,
                        -0.35835981369018555,
                        0.7706342339515686,
                        534.428466796875
                    ],
                    "op": "BO_Add",
                    "rotation": 0,
                    "scale": [
                        0.8500000238418579,
                        0.8500000238418579,
                        0.8500000238418579
                    ],
                    "height": 589.4679565429688,
                    "position": [
                        9.83343505859375,
                        -248.51959228515625,
                        -534.428466796875
                    ],
                    "weightHard": false,
                    "weightScale": [
                        1,
                        1,
                        1
                    ],
                    "mirrored": true,
                    "twinId": 21,
                    "flooded": false,
                    "pathable": false,
                    "mergeable": false,
                    "no_features": false
                },
                {
                    "weight": [
                        0,
                        0,
                        0,
                        0
                    ],
                    "spec": "/pa/terrain/lava/brushes/lava_volcano_06.json",
                    "proj": "BP_Bend",
                    "transform": [
                        0.98158198595047,
                        0.18271894752979279,
                        0.05577314272522926,
                        32.84394073486328,
                        0.18271894752979279,
                        -0.8126909732818604,
                        -0.5533058643341064,
                        -325.833251953125,
                        -0.05577314272522926,
                        0.5533058643341064,
                        -0.8311090469360352,
                        -489.42724609375
                    ],
                    "op": "BO_Add",
                    "rotation": 0,
                    "scale": [
                        1,
                        1,
                        1
                    ],
                    "height": 588.884521484375,
                    "position": [
                        32.84393310546875,
                        -325.83319091796875,
                        -489.42718505859375
                    ],
                    "weightHard": false,
                    "weightScale": [
                        1,
                        1,
                        1
                    ],
                    "mirrored": false,
                    "twinId": 22,
                    "flooded": false,
                    "pathable": false,
                    "mergeable": false,
                    "no_features": false
                },
                {
                    "weight": [
                        0,
                        0,
                        0,
                        0
                    ],
                    "spec": "/pa/terrain/lava/brushes/lava_volcano_06.json",
                    "proj": "BP_Bend",
                    "transform": [
                        0.98158198595047,
                        0.18271894752979279,
                        0.05577314272522926,
                        32.84394073486328,
                        0.18271894752979279,
                        -0.8126909732818604,
                        -0.5533058643341064,
                        -325.833251953125,
                        0.05577314272522926,
                        -0.5533058643341064,
                        0.8311090469360352,
                        489.42724609375
                    ],
                    "op": "BO_Add",
                    "rotation": 0,
                    "scale": [
                        1,
                        1,
                        1
                    ],
                    "height": 588.884521484375,
                    "position": [
                        32.84393310546875,
                        -325.83319091796875,
                        -489.42718505859375
                    ],
                    "weightHard": false,
                    "weightScale": [
                        1,
                        1,
                        1
                    ],
                    "mirrored": true,
                    "twinId": 22,
                    "flooded": false,
                    "pathable": false,
                    "mergeable": false,
                    "no_features": false
                },
                {
                    "weight": [
                        0,
                        0,
                        0,
                        0
                    ],
                    "spec": "/pa/terrain/lava/brushes/lava_plateau_06.json",
                    "proj": "BP_Bend",
                    "transform": [
                        0.731421709060669,
                        0.6592558026313782,
                        0.1743675172328949,
                        102.71964263916016,
                        0.6592558026313782,
                        -0.618217945098877,
                        -0.42800477147102356,
                        -252.13697814941406,
                        -0.1743675172328949,
                        0.42800477147102356,
                        -0.886796236038208,
                        -522.4103393554688
                    ],
                    "op": "BO_Add",
                    "rotation": 0,
                    "scale": [
                        1,
                        1,
                        1
                    ],
                    "height": 589.0985107421875,
                    "position": [
                        102.71968078613281,
                        -252.1370849609375,
                        -522.410400390625
                    ],
                    "weightHard": false,
                    "weightScale": [
                        1,
                        1,
                        1
                    ],
                    "mirrored": false,
                    "twinId": 23,
                    "flooded": false,
                    "pathable": false,
                    "mergeable": false,
                    "no_features": false
                },
                {
                    "weight": [
                        0,
                        0,
                        0,
                        0
                    ],
                    "spec": "/pa/terrain/lava/brushes/lava_plateau_06.json",
                    "proj": "BP_Bend",
                    "transform": [
                        0.731421709060669,
                        0.6592558026313782,
                        0.1743675172328949,
                        102.71964263916016,
                        0.6592558026313782,
                        -0.618217945098877,
                        -0.42800477147102356,
                        -252.13697814941406,
                        0.1743675172328949,
                        -0.42800477147102356,
                        0.886796236038208,
                        522.4103393554688
                    ],
                    "op": "BO_Add",
                    "rotation": 0,
                    "scale": [
                        1,
                        1,
                        1
                    ],
                    "height": 589.0985107421875,
                    "position": [
                        102.71968078613281,
                        -252.1370849609375,
                        -522.410400390625
                    ],
                    "weightHard": false,
                    "weightScale": [
                        1,
                        1,
                        1
                    ],
                    "mirrored": true,
                    "twinId": 23,
                    "flooded": false,
                    "pathable": false,
                    "mergeable": false,
                    "no_features": false
                },
                {
                    "weight": [
                        0,
                        0,
                        0,
                        0
                    ],
                    "spec": "/pa/terrain/lava/brushes/lava_plateau_04.json",
                    "proj": "BP_Bend",
                    "transform": [
                        0.7019273638725281,
                        0.6818169951438904,
                        0.2059696614742279,
                        121.38015747070312,
                        0.6818169951438904,
                        -0.5596011877059937,
                        -0.47113892436027527,
                        -277.64727783203125,
                        -0.2059696614742279,
                        0.47113892436027527,
                        -0.8576738834381104,
                        -505.4365234375
                    ],
                    "op": "BO_Add",
                    "rotation": 0,
                    "scale": [
                        1,
                        1,
                        1
                    ],
                    "height": 589.3108520507812,
                    "position": [
                        121.38021087646484,
                        -277.64739990234375,
                        -505.4365234375
                    ],
                    "weightHard": false,
                    "weightScale": [
                        1,
                        1,
                        1
                    ],
                    "mirrored": false,
                    "twinId": 24,
                    "flooded": false,
                    "pathable": false,
                    "mergeable": false,
                    "no_features": false
                },
                {
                    "weight": [
                        0,
                        0,
                        0,
                        0
                    ],
                    "spec": "/pa/terrain/lava/brushes/lava_plateau_04.json",
                    "proj": "BP_Bend",
                    "transform": [
                        0.7019273638725281,
                        0.6818169951438904,
                        0.2059696614742279,
                        121.3801498413086,
                        0.6818169951438904,
                        -0.5596011877059937,
                        -0.47113892436027527,
                        -277.64727783203125,
                        0.2059696614742279,
                        -0.47113892436027527,
                        0.8576738834381104,
                        505.4365234375
                    ],
                    "op": "BO_Add",
                    "rotation": 0,
                    "scale": [
                        1,
                        1,
                        1
                    ],
                    "height": 589.3108520507812,
                    "position": [
                        121.38021087646484,
                        -277.64739990234375,
                        -505.4365234375
                    ],
                    "weightHard": false,
                    "weightScale": [
                        1,
                        1,
                        1
                    ],
                    "mirrored": true,
                    "twinId": 24,
                    "flooded": false,
                    "pathable": false,
                    "mergeable": false,
                    "no_features": false
                },
                {
                    "weight": [
                        0,
                        0,
                        0,
                        0
                    ],
                    "spec": "/pa/terrain/lava/brushes/lava_plateau_06.json",
                    "proj": "BP_Bend",
                    "transform": [
                        0.6260780096054077,
                        0.7321479916572571,
                        0.2683013081550598,
                        158.017333984375,
                        0.7321479916572571,
                        -0.43356287479400635,
                        -0.52534019947052,
                        -309.401611328125,
                        -0.2683013081550598,
                        0.52534019947052,
                        -0.8074848651885986,
                        -475.5720520019531
                    ],
                    "op": "BO_Add",
                    "rotation": 0,
                    "scale": [
                        1,
                        1,
                        1
                    ],
                    "height": 588.9547729492188,
                    "position": [
                        158.01739501953125,
                        -309.4017333984375,
                        -475.57208251953125
                    ],
                    "weightHard": false,
                    "weightScale": [
                        1,
                        1,
                        1
                    ],
                    "mirrored": false,
                    "twinId": 25,
                    "flooded": false,
                    "pathable": false,
                    "mergeable": false,
                    "no_features": false
                },
                {
                    "weight": [
                        0,
                        0,
                        0,
                        0
                    ],
                    "spec": "/pa/terrain/lava/brushes/lava_plateau_06.json",
                    "proj": "BP_Bend",
                    "transform": [
                        0.6260780096054077,
                        0.7321479916572571,
                        0.2683013081550598,
                        158.017333984375,
                        0.7321479916572571,
                        -0.43356287479400635,
                        -0.52534019947052,
                        -309.401611328125,
                        0.2683013081550598,
                        -0.52534019947052,
                        0.8074848651885986,
                        475.5720520019531
                    ],
                    "op": "BO_Add",
                    "rotation": 0,
                    "scale": [
                        1,
                        1,
                        1
                    ],
                    "height": 588.9547729492188,
                    "position": [
                        158.01739501953125,
                        -309.4017333984375,
                        -475.57208251953125
                    ],
                    "weightHard": false,
                    "weightScale": [
                        1,
                        1,
                        1
                    ],
                    "mirrored": true,
                    "twinId": 25,
                    "flooded": false,
                    "pathable": false,
                    "mergeable": false,
                    "no_features": false
                },
                {
                    "weight": [
                        0,
                        0,
                        0,
                        0
                    ],
                    "spec": "/pa/terrain/lava/brushes/lava_plateau_04.json",
                    "proj": "BP_Bend",
                    "transform": [
                        0.8792649507522583,
                        -0.4620126187801361,
                        -0.11592011898756027,
                        -68.23343658447266,
                        -0.4620126187801361,
                        -0.767967700958252,
                        -0.4435875117778778,
                        -261.1065368652344,
                        0.11592011898756027,
                        0.4435875117778778,
                        -0.8887027502059937,
                        -523.1123046875
                    ],
                    "op": "BO_Add",
                    "rotation": 0,
                    "scale": [
                        1,
                        1,
                        1
                    ],
                    "height": 588.6246337890625,
                    "position": [
                        -68.23342895507812,
                        -261.1064758300781,
                        -523.1123657226562
                    ],
                    "weightHard": false,
                    "weightScale": [
                        1,
                        1,
                        1
                    ],
                    "mirrored": false,
                    "twinId": 26,
                    "flooded": false,
                    "pathable": false,
                    "mergeable": false,
                    "no_features": false
                },
                {
                    "weight": [
                        0,
                        0,
                        0,
                        0
                    ],
                    "spec": "/pa/terrain/lava/brushes/lava_plateau_04.json",
                    "proj": "BP_Bend",
                    "transform": [
                        0.8792649507522583,
                        -0.4620126187801361,
                        -0.11592011898756027,
                        -68.23343658447266,
                        -0.4620126187801361,
                        -0.767967700958252,
                        -0.4435875117778778,
                        -261.1065368652344,
                        -0.11592011898756027,
                        -0.4435875117778778,
                        0.8887027502059937,
                        523.1123046875
                    ],
                    "op": "BO_Add",
                    "rotation": 0,
                    "scale": [
                        1,
                        1,
                        1
                    ],
                    "height": 588.6246337890625,
                    "position": [
                        -68.23342895507812,
                        -261.1064758300781,
                        -523.1123657226562
                    ],
                    "weightHard": false,
                    "weightScale": [
                        1,
                        1,
                        1
                    ],
                    "mirrored": true,
                    "twinId": 26,
                    "flooded": false,
                    "pathable": false,
                    "mergeable": false,
                    "no_features": false
                },
                {
                    "weight": [
                        0,
                        0,
                        0,
                        0
                    ],
                    "spec": "/pa/terrain/lava/brushes/lava_plateau_09.json",
                    "proj": "BP_Bend",
                    "transform": [
                        0.8698412775993347,
                        -0.4823558032512665,
                        -0.10348441451787949,
                        -60.92454147338867,
                        -0.4823558032512665,
                        -0.7875645160675049,
                        -0.38350337743759155,
                        -225.78054809570312,
                        0.10348441451787949,
                        0.38350337743759155,
                        -0.9177231788635254,
                        -540.2926025390625
                    ],
                    "op": "BO_Add",
                    "rotation": 0,
                    "scale": [
                        1,
                        1,
                        1
                    ],
                    "height": 588.7315673828125,
                    "position": [
                        -60.924530029296875,
                        -225.78048706054688,
                        -540.292724609375
                    ],
                    "weightHard": false,
                    "weightScale": [
                        1,
                        1,
                        1
                    ],
                    "mirrored": false,
                    "twinId": 27,
                    "flooded": false,
                    "pathable": false,
                    "mergeable": false,
                    "no_features": false
                },
                {
                    "weight": [
                        0,
                        0,
                        0,
                        0
                    ],
                    "spec": "/pa/terrain/lava/brushes/lava_plateau_09.json",
                    "proj": "BP_Bend",
                    "transform": [
                        0.8698412775993347,
                        -0.4823558032512665,
                        -0.10348441451787949,
                        -60.92454147338867,
                        -0.4823558032512665,
                        -0.7875645160675049,
                        -0.38350337743759155,
                        -225.78054809570312,
                        -0.10348441451787949,
                        -0.38350337743759155,
                        0.9177231788635254,
                        540.2926025390625
                    ],
                    "op": "BO_Add",
                    "rotation": 0,
                    "scale": [
                        1,
                        1,
                        1
                    ],
                    "height": 588.7315673828125,
                    "position": [
                        -60.924530029296875,
                        -225.78048706054688,
                        -540.292724609375
                    ],
                    "weightHard": false,
                    "weightScale": [
                        1,
                        1,
                        1
                    ],
                    "mirrored": true,
                    "twinId": 27,
                    "flooded": false,
                    "pathable": false,
                    "mergeable": false,
                    "no_features": false
                },
                {
                    "weight": [
                        0,
                        0,
                        0,
                        0
                    ],
                    "spec": "/pa/terrain/lava/brushes/lava_plateau_09.json",
                    "proj": "BP_Bend",
                    "transform": [
                        0.7227466702461243,
                        -0.6740864515304565,
                        -0.15246213972568512,
                        -89.74464416503906,
                        -0.6740864515304565,
                        -0.6389074325561523,
                        -0.37068143486976624,
                        -218.1962890625,
                        0.15246213972568512,
                        0.37068143486976624,
                        -0.9161608219146729,
                        -539.284912109375
                    ],
                    "op": "BO_Add",
                    "rotation": 0,
                    "scale": [
                        1,
                        1,
                        1
                    ],
                    "height": 588.6356201171875,
                    "position": [
                        -89.74465942382812,
                        -218.19635009765625,
                        -539.2848510742188
                    ],
                    "weightHard": false,
                    "weightScale": [
                        1,
                        1,
                        1
                    ],
                    "mirrored": false,
                    "twinId": 28,
                    "flooded": false,
                    "pathable": false,
                    "mergeable": false,
                    "no_features": false
                },
                {
                    "weight": [
                        0,
                        0,
                        0,
                        0
                    ],
                    "spec": "/pa/terrain/lava/brushes/lava_plateau_09.json",
                    "proj": "BP_Bend",
                    "transform": [
                        0.7227466702461243,
                        -0.6740864515304565,
                        -0.15246213972568512,
                        -89.74464416503906,
                        -0.6740864515304565,
                        -0.6389074325561523,
                        -0.37068143486976624,
                        -218.1962890625,
                        -0.15246213972568512,
                        -0.37068143486976624,
                        0.9161608219146729,
                        539.284912109375
                    ],
                    "op": "BO_Add",
                    "rotation": 0,
                    "scale": [
                        1,
                        1,
                        1
                    ],
                    "height": 588.6356201171875,
                    "position": [
                        -89.74465942382812,
                        -218.19635009765625,
                        -539.2848510742188
                    ],
                    "weightHard": false,
                    "weightScale": [
                        1,
                        1,
                        1
                    ],
                    "mirrored": true,
                    "twinId": 28,
                    "flooded": false,
                    "pathable": false,
                    "mergeable": false,
                    "no_features": false
                },
                {
                    "weight": [
                        0,
                        0,
                        0,
                        0
                    ],
                    "spec": "/pa/terrain/lava/brushes/lava_plateau_04.json",
                    "proj": "BP_Bend",
                    "transform": [
                        0.44678938388824463,
                        -0.8736459612846375,
                        -0.19267094135284424,
                        -113.46467590332031,
                        -0.8736459612846375,
                        -0.37968671321868896,
                        -0.3042714595794678,
                        -179.18666076660156,
                        0.19267094135284424,
                        0.3042714595794678,
                        -0.9328973293304443,
                        -549.3869018554688
                    ],
                    "op": "BO_Add",
                    "rotation": 0,
                    "scale": [
                        1,
                        1,
                        1
                    ],
                    "height": 588.9039306640625,
                    "position": [
                        -113.46481323242188,
                        -179.18685913085938,
                        -549.3866577148438
                    ],
                    "weightHard": false,
                    "weightScale": [
                        1,
                        1,
                        1
                    ],
                    "mirrored": false,
                    "twinId": 29,
                    "flooded": false,
                    "pathable": false,
                    "mergeable": false,
                    "no_features": false
                },
                {
                    "weight": [
                        0,
                        0,
                        0,
                        0
                    ],
                    "spec": "/pa/terrain/lava/brushes/lava_plateau_04.json",
                    "proj": "BP_Bend",
                    "transform": [
                        0.44678938388824463,
                        -0.8736459612846375,
                        -0.19267094135284424,
                        -113.46467590332031,
                        -0.8736459612846375,
                        -0.37968671321868896,
                        -0.3042714595794678,
                        -179.18666076660156,
                        -0.19267094135284424,
                        -0.3042714595794678,
                        0.9328973293304443,
                        549.3869018554688
                    ],
                    "op": "BO_Add",
                    "rotation": 0,
                    "scale": [
                        1,
                        1,
                        1
                    ],
                    "height": 588.9039306640625,
                    "position": [
                        -113.46481323242188,
                        -179.18685913085938,
                        -549.3866577148438
                    ],
                    "weightHard": false,
                    "weightScale": [
                        1,
                        1,
                        1
                    ],
                    "mirrored": true,
                    "twinId": 29,
                    "flooded": false,
                    "pathable": false,
                    "mergeable": false,
                    "no_features": false
                },
                {
                    "weight": [
                        0,
                        0,
                        0,
                        0
                    ],
                    "spec": "/pa/terrain/lava/brushes/lava_plateau_06.json",
                    "proj": "BP_Bend",
                    "transform": [
                        -0.03073728084564209,
                        -0.9738089442253113,
                        -0.22528035938739777,
                        -132.7744598388672,
                        -0.9738089442253113,
                        0.0799751877784729,
                        -0.21283796429634094,
                        -125.44123077392578,
                        0.22528035938739777,
                        0.21283796429634094,
                        -0.9507620334625244,
                        -560.354736328125
                    ],
                    "op": "BO_Add",
                    "rotation": 0,
                    "scale": [
                        1,
                        1,
                        1
                    ],
                    "height": 589.3743286132812,
                    "position": [
                        -132.7745819091797,
                        -125.44134521484375,
                        -560.3547973632812
                    ],
                    "weightHard": false,
                    "weightScale": [
                        1,
                        1,
                        1
                    ],
                    "mirrored": false,
                    "twinId": 30,
                    "flooded": false,
                    "pathable": false,
                    "mergeable": false,
                    "no_features": false
                },
                {
                    "weight": [
                        0,
                        0,
                        0,
                        0
                    ],
                    "spec": "/pa/terrain/lava/brushes/lava_plateau_06.json",
                    "proj": "BP_Bend",
                    "transform": [
                        -0.03073728084564209,
                        -0.9738089442253113,
                        -0.22528035938739777,
                        -132.7744598388672,
                        -0.9738089442253113,
                        0.0799751877784729,
                        -0.21283796429634094,
                        -125.44123840332031,
                        -0.22528035938739777,
                        -0.21283796429634094,
                        0.9507620334625244,
                        560.354736328125
                    ],
                    "op": "BO_Add",
                    "rotation": 0,
                    "scale": [
                        1,
                        1,
                        1
                    ],
                    "height": 589.3743286132812,
                    "position": [
                        -132.7745819091797,
                        -125.44134521484375,
                        -560.3547973632812
                    ],
                    "weightHard": false,
                    "weightScale": [
                        1,
                        1,
                        1
                    ],
