{
    "name": "Regolith&Steel 1v1 NS",
    "description": "Small 1v1 non-shared or 2v2 shared, non-lane (Reflected through center Symmetry) map. There are two paths to the enemy base, although most metal is in the mountainous regions.",
    "version": "1.0",
    "creator": "Anonemous2",
    "players": [
        2,
        4
    ],
    "planets": [
        {
            "name": "Regolithic",
            "mass": 5000,
            "position_x": 25000,
            "position_y": -100,
            "velocity_x": 0.5656725168228149,
            "velocity_y": 141.419677734375,
            "required_thrust_to_move": 0,
            "starting_planet": true,
            "respawn": false,
            "start_destroyed": false,
            "min_spawn_delay": 0,
            "max_spawn_delay": 0,
            "planet": {
                "seed": 1265209344,
                "radius": 420,
                "heightRange": 0,
                "waterHeight": 0,
                "waterDepth": 0,
                "temperature": 0,
                "metalDensity": 0,
                "metalClusters": 0,
                "metalSpotLimit": -1,
                "biomeScale": 50,
                "biome": "moon",
                "symmetryType": "none",
                "symmetricalMetal": false,
                "symmetricalStarts": false,
                "numArmies": 2,
                "landingZonesPerArmy": 0,
                "landingZoneSize": 130
            },
            "planetCSG": [
                {
                    "weight": [
                        0,
                        0,
                        0,
                        0
                    ],
                    "spec": "/pa/terrain/mountain/brushes/mountain_t1_medium_2_ramp.json",
                    "proj": "BP_Bend",
                    "transform": [
                        -0.05061715841293335,
                        0.4459589123725891,
                        0.8936209678649902,
                        368.39093017578125,
                        -0.9471729397773743,
                        0.2623043954372406,
                        -0.18455271422863007,
                        -76.08096313476562,
                        -0.3167036473751068,
                        -0.8557551503181458,
                        0.40912312269210815,
                        168.65902709960938
                    ],
                    "op": "BO_Add",
                    "rotation": -1.4199992418289185,
                    "scale": [
                        1,
                        1,
                        1
                    ],
                    "height": 412.24517822265625,
                    "position": [
                        375.5399475097656,
                        -77.55738830566406,
                        171.9320068359375
                    ],
                    "weightHard": false,
                    "weightScale": [
                        1,
                        1,
                        1
                    ],
                    "mirrored": false,
                    "twinId": 0,
                    "flooded": false,
                    "pathable": true,
                    "mergeable": false,
                    "no_features": false
                },
                {
                    "weight": [
                        0,
                        0,
                        0,
                        0
                    ],
                    "spec": "/pa/terrain/mountain/brushes/mountain_t2_small_2_ramp.json",
                    "proj": "BP_Bend",
                    "transform": [
                        -0.10381998121738434,
                        0.7522277235984802,
                        0.6506725549697876,
                        266.0975036621094,
                        -0.962818443775177,
                        0.08803637325763702,
                        -0.255402147769928,
                        -104.44865417480469,
                        -0.2494034618139267,
                        -0.6529954671859741,
                        0.7151187658309937,
                        292.4532775878906
                    ],
                    "op": "BO_Add",
                    "rotation": -1.5799990892410278,
                    "scale": [
                        1,
                        1,
                        1
                    ],
                    "height": 408.95758056640625,
                    "position": [
                        273.2548828125,
                        -107.25807189941406,
                        300.319580078125
                    ],
                    "weightHard": false,
                    "weightScale": [
                        1,
                        1,
                        1
                    ],
                    "mirrored": false,
                    "twinId": 0,
                    "flooded": false,
                    "pathable": true,
                    "mergeable": false,
                    "no_features": false
                },
                {
                    "weight": [
                        0,
                        0,
                        0,
                        0
                    ],
                    "spec": "/pa/terrain/mountain/brushes/mountain_t2_medium_long.json",
                    "proj": "BP_Bend",
                    "transform": [
                        0.22723886370658875,
                        -0.37318575382232666,
                        0.6656280755996704,
                        367.8365173339844,
                        -0.3305019438266754,
                        0.8392874598503113,
                        0.3194582462310791,
                        176.5376434326172,
                        -0.9160410165786743,
                        -0.3953845798969269,
                        0.04986131191253662,
                        27.55414390563965
                    ],
                    "op": "BO_Add",
                    "rotation": 0.03999999910593033,
                    "scale": [
                        1,
                        1,
                        0.7400002479553223
                    ],
                    "height": 408.9357604980469,
                    "position": [
                        376.83148193359375,
                        180.85462951660156,
                        28.22796630859375
                    ],
                    "weightHard": false,
                    "weightScale": [
                        1,
                        1,
                        1
                    ],
                    "mirrored": false,
                    "twinId": 0,
                    "flooded": false,
                    "pathable": true,
                    "mergeable": false,
                    "no_features": false
                },
                {
                    "weight": [
                        0,
                        0,
                        0,
                        0
                    ],
                    "spec": "/pa/terrain/mountain/brushes/mountain_t1_medium_4_ramp.json",
                    "proj": "BP_Bend",
                    "transform": [
                        0.7047411203384399,
                        -0.5698297023773193,
                        0.42265114188194275,
                        173.16400146484375,
                        -0.47769859433174133,
                        0.05932920426130295,
                        0.8765181303024292,
                        359.117431640625,
                        -0.5245416164398193,
                        -0.819618284702301,
                        -0.23039507865905762,
                        -94.39495849609375
                    ],
                    "op": "BO_Add",
                    "rotation": 0.11999998986721039,
                    "scale": [
                        1,
                        1,
                        1
                    ],
                    "height": 409.7090759277344,
                    "position": [
                        176.9678955078125,
                        367.006103515625,
                        -96.46852111816406
                    ],
                    "weightHard": false,
                    "weightScale": [
                        1,
                        1,
                        1
                    ],
                    "mirrored": false,
                    "twinId": 0,
                    "flooded": false,
                    "pathable": true,
                    "mergeable": false,
                    "no_features": false
                },
                {
                    "weight": [
                        0,
                        0,
                        0,
                        0
                    ],
                    "spec": "/pa/terrain/mountain/brushes/mountain_t3_small_2_ramp.json",
                    "proj": "BP_Bend",
                    "transform": [
                        -0.6976936459541321,
                        -0.19070178270339966,
                        0.6905479431152344,
                        276.5777893066406,
                        0.7160412073135376,
                        -0.21597418189048767,
                        0.6638072729110718,
                        265.8676452636719,
                        0.02255132794380188,
                        0.9575949907302856,
                        0.2872340977191925,
                        115.04280853271484
                    ],
                    "op": "BO_Add",
                    "rotation": 2.3599984645843506,
                    "scale": [
                        1,
                        1,
                        1
                    ],
                    "height": 400.519287109375,
                    "position": [
                        287.62652587890625,
                        276.488525390625,
                        119.63856506347656
                    ],
                    "weightHard": false,
                    "weightScale": [
                        1,
                        1,
                        1
                    ],
                    "mirrored": false,
                    "twinId": 0,
                    "flooded": false,
                    "pathable": true,
                    "mergeable": false,
                    "no_features": false
                },
                {
                    "weight": [
                        0,
                        0,
                        0,
                        0
                    ],
                    "spec": "/pa/terrain/mountain/brushes/mountain_t1_medium_2_ramp.json",
                    "proj": "BP_Bend",
                    "transform": [
                        0.8842218518257141,
                        -0.2847276031970978,
                        -0.37024569511413574,
                        -151.28775024414062,
                        0.40948739647865295,
                        0.8538674116134644,
                        0.32129496335983276,
                        131.2857666015625,
                        0.22465918958187103,
                        -0.4357069730758667,
                        0.8716006278991699,
                        356.14862060546875
                    ],
                    "op": "BO_Add",
                    "rotation": 0.3800000250339508,
                    "scale": [
                        1,
                        1,
                        1
                    ],
                    "height": 408.6144714355469,
                    "position": [
                        -154.61993408203125,
                        134.1774139404297,
                        363.9930419921875
                    ],
                    "weightHard": false,
                    "weightScale": [
                        1,
                        1,
                        1
                    ],
                    "mirrored": false,
                    "twinId": 0,
                    "flooded": false,
                    "pathable": true,
                    "mergeable": false,
                    "no_features": false
                },
                {
                    "weight": [
                        0,
                        0,
                        0,
                        0
                    ],
                    "spec": "/pa/terrain/mountain/brushes/mountain_t2_small_2_ramp.json",
                    "proj": "BP_Bend",
                    "transform": [
                        0.6688448786735535,
                        -0.5501404404640198,
                        -0.4999920427799225,
                        -202.9961700439453,
                        0.727263867855072,
                        0.34484151005744934,
                        0.5934404134750366,
                        240.93609619140625,
                        -0.15405753254890442,
                        -0.7605457305908203,
                        0.6307427883148193,
                        256.080810546875
                    ],
                    "op": "BO_Add",
                    "rotation": 0.8999996781349182,
                    "scale": [
                        1,
                        1,
                        1
                    ],
                    "height": 405.9988098144531,
                    "position": [
                        -207.99609375,
                        246.87051391601562,
                        262.38824462890625
                    ],
                    "weightHard": false,
                    "weightScale": [
                        1,
                        1,
                        1
                    ],
                    "mirrored": false,
                    "twinId": 0,
                    "flooded": false,
                    "pathable": true,
                    "mergeable": false,
                    "no_features": false
                },
                {
                    "weight": [
                        0,
                        0,
                        0,
                        0
                    ],
                    "spec": "/pa/terrain/mountain/brushes/mountain_t3_medium_4_ramp.json",
                    "proj": "BP_Bend",
                    "transform": [
                        0.30366888642311096,
                        -0.7462313175201416,
                        -0.5923884510993958,
                        -235.30137634277344,
                        0.8652215003967285,
                        0.4763357937335968,
                        -0.15651185810565948,
                        -62.167747497558594,
                        0.3989698588848114,
                        -0.46501943469047546,
                        0.7903037071228027,
                        313.9148864746094
                    ],
                    "op": "BO_Add",
                    "rotation": 1.1199995279312134,
                    "scale": [
                        1,
                        1,
                        1
                    ],
                    "height": 397.2079162597656,
                    "position": [
                        -248.33392333984375,
                        -65.61100769042969,
                        331.30157470703125
                    ],
                    "weightHard": false,
                    "weightScale": [
                        1,
                        1,
                        1
                    ],
                    "mirrored": false,
                    "twinId": 0,
                    "flooded": false,
                    "pathable": true,
                    "mergeable": false,
                    "no_features": false
                },
                {
                    "weight": [
                        0,
                        0,
                        0,
                        0
                    ],
                    "spec": "/pa/terrain/mountain/brushes/mountain_t3_small_2_ramp.json",
                    "proj": "BP_Bend",
                    "transform": [
                        -0.6379960775375366,
                        0.7643713355064392,
                        -0.09325972199440002,
                        -36.63335037231445,
                        -0.7687707543373108,
                        -0.6253066062927246,
                        0.13410158455371857,
                        52.67644500732422,
                        0.04418749362230301,
                        0.15725162625312805,
                        0.9865695238113403,
                        387.53436279296875
                    ],
                    "op": "BO_Add",
                    "rotation": -2.2599985599517822,
                    "scale": [
                        1,
                        1,
                        1
                    ],
                    "height": 392.80999755859375,
                    "position": [
                        -38.964847564697266,
                        56.02899169921875,
                        412.1986083984375
                    ],
                    "weightHard": false,
                    "weightScale": [
                        1,
                        1,
                        1
                    ],
                    "mirrored": false,
                    "twinId": 0,
                    "flooded": false,
                    "pathable": true,
                    "mergeable": false,
                    "no_features": false
                },
                {
                    "weight": [
                        0,
                        0,
                        0,
                        0
                    ],
                    "spec": "/pa/terrain/mountain/brushes/mountain_mountain_05.json",
                    "proj": "BP_Bend",
                    "transform": [
                        0.997794508934021,
                        0.2925235331058502,
                        -0.020883921533823013,
                        -8.36525821685791,
                        -0.2463991641998291,
                        0.8763653039932251,
                        0.5028629899024963,
                        201.4266815185547,
                        0.15903963148593903,
                        -0.4775078594684601,
                        0.91010582447052,
                        364.5517578125
                    ],
                    "op": "BO_Add",
                    "rotation": -0.2799999713897705,
                    "scale": [
                        1.0399999618530273,
                        1.0399999618530273,
                        1.0399999618530273
                    ],
                    "height": 416.5821228027344,
                    "position": [
                        -8.365259170532227,
                        201.4266815185547,
                        364.5517578125
                    ],
                    "weightHard": false,
                    "weightScale": [
                        1,
                        1,
                        1
                    ],
                    "mirrored": false,
                    "twinId": 0,
                    "flooded": false,
                    "pathable": false,
                    "mergeable": false,
                    "no_features": true
                },
                {
                    "weight": [
                        0,
                        0,
                        0,
                        0
                    ],
                    "spec": "/pa/terrain/mountain/brushes/mountain_mountain_06.json",
                    "proj": "BP_Bend",
                    "transform": [
                        0.9956058263778687,
                        -0.0866679698228836,
                        0.03546450287103653,
                        14.767773628234863,
                        0.06739956140518188,
                        0.9261282682418823,
                        0.3711385428905487,
                        154.54580688476562,
                        -0.06501050293445587,
                        -0.36711740493774414,
                        0.9279000163078308,
                        386.3868408203125
                    ],
                    "op": "BO_Add",
                    "rotation": 0.07999999821186066,
                    "scale": [
                        1,
                        1,
                        1
                    ],
                    "height": 416.4100036621094,
                    "position": [
                        14.767777442932129,
                        154.5458221435547,
                        386.3868408203125
                    ],
                    "weightHard": false,
                    "weightScale": [
                        1,
                        1,
                        1
                    ],
                    "mirrored": false,
                    "twinId": 0,
                    "flooded": false,
                    "pathable": false,
                    "mergeable": false,
                    "no_features": true
                },
                {
                    "weight": [
                        0,
                        0,
                        0,
                        0
                    ],
                    "spec": "/pa/terrain/mountain/brushes/mountain_mountain_01.json",
                    "proj": "BP_Bend",
                    "transform": [
                        0.9963050484657288,
                        -0.010710464790463448,
                        0.08521468192338943,
                        35.53178787231445,
                        -0.010710464790463448,
                        0.9689538478851318,
                        0.2470095008611679,
                        102.99503326416016,
                        -0.08521468192338943,
                        -0.2470095008611679,
                        0.9652588963508606,
                        402.4819641113281
                    ],
                    "op": "BO_Add",
                    "rotation": 0,
                    "scale": [
                        1,
                        1,
                        1
                    ],
                    "height": 416.9678955078125,
                    "position": [
                        35.53178405761719,
                        102.99502563476562,
                        402.4819641113281
                    ],
                    "weightHard": false,
                    "weightScale": [
                        1,
                        1,
                        1
                    ],
                    "mirrored": false,
                    "twinId": 0,
                    "flooded": false,
                    "pathable": false,
                    "mergeable": false,
                    "no_features": true
                },
                {
                    "weight": [
                        0,
                        0,
                        0,
                        0
                    ],
                    "spec": "/pa/terrain/mountain/brushes/mountain_plateau_04.json",
                    "proj": "BP_Bend",
                    "transform": [
                        1.0344254970550537,
                        -0.008698808960616589,
                        0.2597115635871887,
                        43.01123046875,
                        -0.008698808960616589,
                        1.0264256000518799,
                        0.40527430176734924,
                        67.11809539794922,
                        -0.10718261450529099,
                        -0.16725614666938782,
                        2.473599672317505,
                        409.6565856933594
                    ],
                    "op": "BO_Add",
                    "rotation": 0,
                    "scale": [
                        1.0399999618530273,
                        1.0399999618530273,
                        2.519998550415039
                    ],
                    "height": 417.3407897949219,
                    "position": [
                        43.01123046875,
                        67.11809539794922,
                        409.6566162109375
                    ],
                    "weightHard": false,
                    "weightScale": [
                        1,
                        1,
                        1
                    ],
                    "mirrored": false,
                    "twinId": 0,
                    "flooded": false,
                    "pathable": false,
                    "mergeable": false,
                    "no_features": false
                },
                {
                    "weight": [
                        0,
                        0,
                        0,
                        0
                    ],
                    "spec": "/pa/terrain/mountain/brushes/mountain_plateau_02.json",
                    "proj": "BP_Bend",
                    "transform": [
                        1.2907769680023193,
                        -0.582134485244751,
                        0.10683219134807587,
                        31.433380126953125,
                        0.5715134143829346,
                        1.2925609350204468,
                        0.13804849982261658,
                        40.61819839477539,
                        -0.15383800864219666,
                        -0.08248861134052277,
                        1.4092296361923218,
                        414.6395568847656
                    ],
                    "op": "BO_Add",
                    "rotation": 0.4200000464916229,
                    "scale": [
                        1.419999599456787,
                        1.419999599456787,
                        1.419999599456787
                    ],
                    "height": 417.80841064453125,
                    "position": [
                        31.433380126953125,
                        40.618202209472656,
                        414.6395568847656
                    ],
                    "weightHard": false,
                    "weightScale": [
                        1,
                        1,
                        1
                    ],
                    "mirrored": false,
                    "twinId": 0,
                    "flooded": false,
                    "pathable": false,
                    "mergeable": false,
                    "no_features": false
                },
                {
                    "weight": [
                        0,
                        0,
                        0,
                        0
                    ],
                    "spec": "/pa/terrain/mountain/brushes/mountain_mountain_05.json",
                    "proj": "BP_Bend",
                    "transform": [
                        1.1088463068008423,
                        -0.0073278676718473434,
                        -0.34059637784957886,
                        -123.23812866210938,
                        -0.0073278676718473434,
                        1.1589500904083252,
                        -0.04879121109843254,
                        -17.654144287109375,
                        0.34059637784957886,
                        0.04879121109843254,
                        1.107796549797058,
                        400.83447265625
                    ],
                    "op": "BO_Add",
                    "rotation": 0,
                    "scale": [
                        1.1599998474121094,
                        1.1599998474121094,
                        1.1599998474121094
                    ],
                    "height": 419.7232360839844,
                    "position": [
                        -123.23814392089844,
                        -17.654144287109375,
                        400.83447265625
                    ],
                    "weightHard": false,
                    "weightScale": [
                        1,
                        1,
                        1
                    ],
                    "mirrored": false,
                    "twinId": 0,
                    "flooded": false,
                    "pathable": false,
                    "mergeable": false,
                    "no_features": true
                },
                {
                    "weight": [
                        0,
                        0,
                        0,
                        0
                    ],
                    "spec": "/pa/terrain/mountain/brushes/mountain_mountain_06.json",
                    "proj": "BP_Bend",
                    "transform": [
                        0.33848273754119873,
                        0.8905466794967651,
                        -0.3039013147354126,
                        -127.76029968261719,
                        -0.9369404315948486,
                        0.289104700088501,
                        -0.19636954367160797,
                        -82.55387115478516,
                        -0.08701694011688232,
                        0.35120517015457153,
                        0.932246208190918,
                        391.9168701171875
                    ],
                    "op": "BO_Add",
                    "rotation": -1.2399994134902954,
                    "scale": [
                        1,
                        1,
                        1
                    ],
                    "height": 420.4006042480469,
                    "position": [
                        -127.76031494140625,
                        -82.55387878417969,
                        391.9168701171875
                    ],
                    "weightHard": false,
                    "weightScale": [
                        1,
                        1,
                        1
                    ],
                    "mirrored": false,
                    "twinId": 0,
                    "flooded": false,
                    "pathable": false,
                    "mergeable": false,
                    "no_features": true
                },
                {
                    "weight": [
                        0,
                        0,
                        0,
                        0
                    ],
                    "spec": "/pa/terrain/mountain/brushes/mountain_mountain_04.json",
                    "proj": "BP_Bend",
                    "transform": [
                        0.9191507697105408,
                        -0.37097516655921936,
                        -0.132436141371727,
                        -55.498531341552734,
                        0.3670569360256195,
                        0.9286423921585083,
                        -0.053781572729349136,
                        -22.537641525268555,
                        0.14293745160102844,
                        0.0008217692375183105,
                        0.9897313714027405,
                        414.7556457519531
                    ],
                    "op": "BO_Add",
                    "rotation": 0.3800000250339508,
                    "scale": [
                        1,
                        1,
                        1
                    ],
                    "height": 419.0588073730469,
                    "position": [
                        -55.49852752685547,
                        -22.53763771057129,
                        414.7556457519531
                    ],
                    "weightHard": false,
                    "weightScale": [
                        1,
                        1,
                        1
                    ],
                    "mirrored": false,
                    "twinId": 0,
                    "flooded": false,
                    "pathable": false,
                    "mergeable": false,
                    "no_features": true
                },
                {
                    "weight": [
                        0,
                        0,
                        0,
                        0
                    ],
                    "spec": "/pa/terrain/mountain/brushes/mountain_mountain_02.json",
                    "proj": "BP_Bend",
                    "transform": [
                        0.920188307762146,
                        0.34297847747802734,
                        -0.18873076140880585,
                        -79.10283660888672,
                        -0.3550409972667694,
                        0.9342595338821411,
                        -0.03324142470955849,
                        -13.932498931884766,
                        0.16492243111133575,
                        0.09759552776813507,
                        0.9814661145210266,
                        411.36248779296875
                    ],
                    "op": "BO_Add",
                    "rotation": -0.36000001430511475,
                    "scale": [
                        1,
                        1,
                        1
                    ],
                    "height": 419.130615234375,
                    "position": [
                        -79.10283660888672,
                        -13.932498931884766,
                        411.36248779296875
                    ],
                    "weightHard": false,
                    "weightScale": [
                        1,
                        1,
                        1
                    ],
                    "mirrored": false,
                    "twinId": 0,
                    "flooded": false,
                    "pathable": false,
                    "mergeable": false,
                    "no_features": true
                },
                {
                    "weight": [
                        0,
                        0,
                        0,
                        0
                    ],
                    "spec": "/pa/terrain/mountain/brushes/mountain_mountain_03.json",
                    "proj": "BP_Bend",
                    "transform": [
                        1.0691908597946167,
                        0.4937629997730255,
                        -0.23027928173542023,
                        -81.46025848388672,
                        -0.5175424218177795,
                        1.0789551734924316,
                        -0.08947186917066574,
                        -31.650270462036133,
                        0.17023596167564392,
                        0.17903488874435425,
                        1.1742937564849854,
                        415.4010925292969
                    ],
                    "op": "BO_Add",
                    "rotation": -0.440000057220459,
                    "scale": [
                        1.1999998092651367,
                        1.1999998092651367,
                        1.1999998092651367
                    ],
                    "height": 424.4945068359375,
                    "position": [
                        -80.50077056884766,
                        -31.27747344970703,
                        410.5082092285156
                    ],
                    "weightHard": false,
                    "weightScale": [
                        1,
                        1,
                        1
                    ],
                    "mirrored": false,
                    "twinId": 0,
                    "flooded": false,
                    "pathable": false,
                    "mergeable": false,
                    "no_features": true
                },
                {
                    "weight": [
                        0,
                        0,
                        0,
                        0
                    ],
                    "spec": "/pa/terrain/mountain/brushes/mountain_mountain_05.json",
                    "proj": "BP_Bend",
                    "transform": [
                        0.8198081254959106,
                        -0.04918885976076126,
                        -0.7013522386550903,
                        -272.1650695800781,
                        0.24898454546928406,
                        1.027846097946167,
                        0.21894989907741547,
                        84.96517181396484,
                        0.6575113534927368,
                        -0.32789146900177,
                        0.7915591597557068,
                        307.1705322265625
                    ],
                    "op": "BO_Add",
                    "rotation": 0.15999998152256012,
                    "scale": [
                        1.0799999237060547,
                        1.0799999237060547,
                        1.0799999237060547
                    ],
                    "height": 419.1021728515625,
                    "position": [
                        -272.8144226074219,
                        85.16789245605469,
                        307.9034729003906
                    ],
                    "weightHard": false,
                    "weightScale": [
                        1,
                        1,
                        1
                    ],
                    "mirrored": false,
                    "twinId": 0,
                    "flooded": false,
                    "pathable": false,
                    "mergeable": false,
                    "no_features": true
                },
                {
                    "weight": [
                        0,
                        0,
                        0,
                        0
                    ],
                    "spec": "/pa/terrain/mountain/brushes/mountain_mountain_01.json",
                    "proj": "BP_Bend",
                    "transform": [
                        0.33933570981025696,
                        0.6329695582389832,
                        -0.695845365524292,
                        -290.86151123046875,
                        -0.6280807852745056,
                        0.7031446695327759,
                        0.33331960439682007,
                        139.3267059326172,
                        0.700261116027832,
                        0.32393985986709595,
                        0.6361581683158875,
                        265.91241455078125
                    ],
                    "op": "BO_Add",
                    "rotation": -0.8799996972084045,
                    "scale": [
                        1,
                        1,
                        1
                    ],
                    "height": 417.9973449707031,
                    "position": [
                        -291.557373046875,
                        139.6600341796875,
                        266.548583984375
                    ],
                    "weightHard": false,
                    "weightScale": [
                        1,
                        1,
                        1
                    ],
                    "mirrored": false,
                    "twinId": 0,
                    "flooded": false,
                    "pathable": false,
                    "mergeable": false,
                    "no_features": true
                },
                {
                    "weight": [
                        0,
                        0,
                        0,
                        0
                    ],
                    "spec": "/pa/terrain/mountain/brushes/mountain_mountain_02.json",
                    "proj": "BP_Bend",
                    "transform": [
                        0.3339173197746277,
                        -0.8429721593856812,
                        -0.786064088344574,
                        -273.0587463378906,
                        1.0875747203826904,
                        -0.040569573640823364,
                        0.5055046677589417,
                        175.5995330810547,
                        -0.38168060779571533,
                        -0.853083610534668,
