{
    "name": "System Re-Boot DS",
    "description":"A dynamic spawn map with 3 smaller starting planets. The system is built around a metal planet. An asteroid spawns into the system bewteen 10 to 40 minutes after start. Supports shared or even unshared teams up to a 16v16. Recommended 9v9 or 12v12.",
    "version":"1.0",
    "creator":"Anonemous2",
    "players":[16, 32],
    "planets": [
        {
            "name": "BIOS",
            "mass": 10000,
            "position_x": -6000.00146484375,
            "position_y": -36200,
            "velocity_x": 217.2415771484375,
            "velocity_y": -122.20207977294922,
            "required_thrust_to_move": 0,
            "starting_planet": true,
            "respawn": false,
            "start_destroyed": false,
            "min_spawn_delay": 0,
            "max_spawn_delay": 0,
            "planet": {
                "seed": 1759480832,
                "radius": 500,
                "heightRange": 0,
                "waterHeight": 31,
                "waterDepth": 100,
                "temperature": 100,
                "metalDensity": 0,
                "metalClusters": 0,
                "metalSpotLimit": -1,
                "biomeScale": 50,
                "biome": "lava",
                "symmetryType": "terrain and CSG",
                "symmetricalMetal": true,
                "symmetricalStarts": false,
                "numArmies": 2,
                "landingZonesPerArmy": 0,
                "landingZoneSize": 300
            },
            "planetCSG": [
                {
                    "spec": "/pa/terrain/lava/brushes/lava_metal_t1_medium_2_ramp.json",
                    "weight": [
                        0,
                        0,
                        0,
                        0
                    ],
                    "proj": "BP_Bend",
                    "op": "BO_Add",
                    "transform": [
                        0.6939321756362915,
                        -0.695737361907959,
                        0.18549291789531708,
                        91.36190032958984,
                        -0.1314650923013687,
                        0.13086244463920593,
                        0.9826454520225525,
                        483.9880676269531,
                        -0.7079372406005859,
                        -0.7062751054763794,
                        -0.0006555318832397461,
                        -0.32287290692329407
                    ],
                    "scale": [
                        1,
                        1,
                        1
                    ],
                    "rotation": 0.5999999642372131,
                    "position": [
                        92.28936767578125,
                        488.9012451171875,
                        -0.326080322265625
                    ],
                    "height": 492.5357971191406,
                    "weightHard": false,
                    "weightScale": [
                        1,
                        1,
                        1
                    ],
                    "mirrored": false,
                    "twinId": 0,
                    "flooded": false,
                    "pathable": true,
                    "mergeable": false,
                    "no_features": true
                },
                {
                    "spec": "/pa/terrain/lava/brushes/lava_t1_medium_2_ramp.json",
                    "weight": [
                        0,
                        0,
                        0,
                        0
                    ],
                    "proj": "BP_Bend",
                    "op": "BO_Add",
                    "transform": [
                        0.923849880695343,
                        0.3765387237071991,
                        -0.06870254874229431,
                        -34.16822052001953,
                        -0.077681764960289,
                        0.3602132797241211,
                        0.9296299815177917,
                        462.3380432128906,
                        0.3747892677783966,
                        -0.8535016179084778,
                        0.3620331883430481,
                        180.05197143554688
                    ],
                    "scale": [
                        1,
                        1,
                        1
                    ],
                    "rotation": -0.3400000035762787,
                    "position": [
                        -34.16822052001953,
                        462.3380126953125,
                        180.05197143554688
                    ],
                    "height": 497.3355407714844,
                    "weightHard": false,
                    "weightScale": [
                        1,
                        1,
                        1
                    ],
                    "mirrored": false,
                    "twinId": 0,
                    "flooded": false,
                    "pathable": true,
                    "mergeable": false,
                    "no_features": false
                },
                {
                    "spec": "/pa/terrain/lava/brushes/lava_t1_medium_2_ramp.json",
                    "weight": [
                        0,
                        0,
                        0,
                        0
                    ],
                    "proj": "BP_Bend",
                    "op": "BO_Add",
                    "transform": [
                        0.923849880695343,
                        0.3765387237071991,
                        -0.06870254874229431,
                        -34.168216705322266,
                        -0.077681764960289,
                        0.3602132797241211,
                        0.9296299815177917,
                        462.3380432128906,
                        -0.3747892677783966,
                        0.8535016179084778,
                        -0.3620331883430481,
                        -180.05197143554688
                    ],
                    "scale": [
                        1,
                        1,
                        1
                    ],
                    "rotation": -0.3400000035762787,
                    "position": [
                        -34.16822052001953,
                        462.3380126953125,
                        180.05197143554688
                    ],
                    "height": 497.3355407714844,
                    "weightHard": false,
                    "weightScale": [
                        1,
                        1,
                        1
                    ],
                    "mirrored": true,
                    "twinId": 0,
                    "flooded": false,
                    "pathable": true,
                    "mergeable": false,
                    "no_features": false
                },
                {
                    "spec": "/pa/terrain/lava/brushes/lava_t3_small_2x_1_ramp.json",
                    "weight": [
                        0,
                        0,
                        0,
                        0
                    ],
                    "proj": "BP_Bend",
                    "op": "BO_Add",
                    "transform": [
                        0.961408257484436,
                        0.0949893593788147,
                        -0.4827743172645569,
                        -210.3534698486328,
                        0.488870769739151,
                        -0.3043142259120941,
                        0.9136728644371033,
                        398.1037292480469,
                        -0.055672138929367065,
                        -1.031876802444458,
                        -0.3138960599899292,
                        -136.77017211914062
                    ],
                    "scale": [
                        1.0799999237060547,
                        1.0799999237060547,
                        1.0799999237060547
                    ],
                    "rotation": 0.539999783039093,
                    "position": [
                        -222.42283630371094,
                        420.945556640625,
                        -144.61758422851562
                    ],
                    "height": 470.575439453125,
                    "weightHard": false,
                    "weightScale": [
                        1,
                        1,
                        1
                    ],
                    "mirrored": false,
                    "twinId": 0,
                    "flooded": false,
                    "pathable": true,
                    "mergeable": false,
                    "no_features": false
                },
                {
                    "spec": "/pa/terrain/lava/brushes/lava_t3_small_2x_1_ramp.json",
                    "weight": [
                        0,
                        0,
                        0,
                        0
                    ],
                    "proj": "BP_Bend",
                    "op": "BO_Add",
                    "transform": [
                        0.961408257484436,
                        0.0949893593788147,
                        -0.4827743172645569,
                        -210.3534698486328,
                        0.488870769739151,
                        -0.3043142259120941,
                        0.9136728644371033,
                        398.1037292480469,
                        0.055672138929367065,
                        1.031876802444458,
                        0.3138960599899292,
                        136.77017211914062
                    ],
                    "scale": [
                        1.0799999237060547,
                        1.0799999237060547,
                        1.0799999237060547
                    ],
                    "rotation": 0.539999783039093,
                    "position": [
                        -222.42283630371094,
                        420.945556640625,
                        -144.61758422851562
                    ],
                    "height": 470.575439453125,
                    "weightHard": false,
                    "weightScale": [
                        1,
                        1,
                        1
                    ],
                    "mirrored": true,
                    "twinId": 0,
                    "flooded": false,
                    "pathable": true,
                    "mergeable": false,
                    "no_features": false
                },
                {
                    "spec": "/pa/terrain/lava/brushes/lava_plateau_04.json",
                    "weight": [
                        0,
                        0,
                        0,
                        0
                    ],
                    "proj": "BP_Bend",
                    "op": "BO_Add",
                    "transform": [
                        1.046770453453064,
                        -0.4493241310119629,
                        -0.044487979263067245,
                        -19.43380355834961,
                        0.09536302834749222,
                        0.11021686345338821,
                        1.1306447982788086,
                        493.90264892578125,
                        -0.4413357377052307,
                        -1.04190194606781,
                        0.1387900859117508,
                        60.6280517578125
                    ],
                    "scale": [
                        1.1399998664855957,
                        1.1399998664855957,
                        1.1399998664855957
                    ],
                    "rotation": 0.440000057220459,
                    "position": [
                        -19.43380355834961,
                        493.90264892578125,
                        60.6280403137207
                    ],
                    "height": 497.9892272949219,
                    "weightHard": false,
                    "weightScale": [
                        1,
                        1,
                        1
                    ],
                    "mirrored": false,
                    "twinId": 0,
                    "flooded": false,
                    "pathable": false,
                    "mergeable": false,
                    "no_features": false
                },
                {
                    "spec": "/pa/terrain/lava/brushes/lava_plateau_04.json",
                    "weight": [
                        0,
                        0,
                        0,
                        0
                    ],
                    "proj": "BP_Bend",
                    "op": "BO_Add",
                    "transform": [
                        1.046770453453064,
                        -0.4493241310119629,
                        -0.044487979263067245,
                        -19.43380355834961,
                        0.09536302834749222,
                        0.11021686345338821,
                        1.1306447982788086,
                        493.90264892578125,
                        0.4413357377052307,
                        1.04190194606781,
                        -0.1387900859117508,
                        -60.6280517578125
                    ],
                    "scale": [
                        1.1399998664855957,
                        1.1399998664855957,
                        1.1399998664855957
                    ],
                    "rotation": 0.440000057220459,
                    "position": [
                        -19.43380355834961,
                        493.90264892578125,
                        60.6280403137207
                    ],
                    "height": 497.9892272949219,
                    "weightHard": false,
                    "weightScale": [
                        1,
                        1,
                        1
                    ],
                    "mirrored": true,
                    "twinId": 0,
                    "flooded": false,
                    "pathable": false,
                    "mergeable": false,
                    "no_features": false
                },
                {
                    "spec": "/pa/terrain/lava/brushes/lava_plateau_08.json",
                    "weight": [
                        0,
                        0,
                        0,
                        0
                    ],
                    "proj": "BP_Bend",
                    "op": "BO_Add",
                    "transform": [
                        0.6947588920593262,
                        0.7083919048309326,
                        -0.12446308135986328,
                        -62.040626525878906,
                        0.14368067681789398,
                        0.032863594591617584,
                        0.9890783429145813,
                        493.02203369140625,
                        0.7047454714775085,
                        -0.7050538659095764,
                        -0.0789499282836914,
                        -39.35386276245117
                    ],
                    "scale": [
                        1,
                        1,
                        1
                    ],
                    "rotation": -0.6599999070167542,
                    "position": [
                        -62.040618896484375,
                        493.02197265625,
                        -39.35386657714844
                    ],
                    "height": 498.4660949707031,
                    "weightHard": false,
                    "weightScale": [
                        1,
                        1,
                        1
                    ],
                    "mirrored": false,
                    "twinId": 0,
                    "flooded": false,
                    "pathable": false,
                    "mergeable": false,
                    "no_features": false
                },
                {
                    "spec": "/pa/terrain/lava/brushes/lava_plateau_08.json",
                    "weight": [
                        0,
                        0,
                        0,
                        0
                    ],
                    "proj": "BP_Bend",
                    "op": "BO_Add",
                    "transform": [
                        0.6947588920593262,
                        0.7083919048309326,
                        -0.12446308135986328,
                        -62.040626525878906,
                        0.14368067681789398,
                        0.032863594591617584,
                        0.9890783429145813,
                        493.0220642089844,
                        -0.7047454714775085,
                        0.7050538659095764,
                        0.0789499282836914,
                        39.35386276245117
                    ],
                    "scale": [
                        1,
                        1,
                        1
                    ],
                    "rotation": -0.6599999070167542,
                    "position": [
                        -62.040618896484375,
                        493.02197265625,
                        -39.35386657714844
                    ],
                    "height": 498.4660949707031,
                    "weightHard": false,
                    "weightScale": [
                        1,
                        1,
                        1
                    ],
                    "mirrored": true,
                    "twinId": 0,
                    "flooded": false,
                    "pathable": false,
                    "mergeable": false,
                    "no_features": false
                },
                {
                    "spec": "/pa/terrain/lava/brushes/lava_plateau_09.json",
                    "weight": [
                        0,
                        0,
                        0,
                        0
                    ],
                    "proj": "BP_Bend",
                    "op": "BO_Add",
                    "transform": [
                        1.0766615867614746,
                        -0.26304948329925537,
                        -0.3423515558242798,
                        -147.09371948242188,
                        0.3848482668399811,
                        0.16783341765403748,
                        1.0813524723052979,
                        464.610595703125,
                        -0.1956821084022522,
                        -1.117245078086853,
                        0.24304646253585815,
                        104.42659759521484
                    ],
                    "scale": [
                        1.1599998474121094,
                        1.1599998474121094,
                        1.1599998474121094
                    ],
                    "rotation": 0.4800001084804535,
                    "position": [
                        -147.09375,
                        464.61065673828125,
                        104.42656707763672
                    ],
                    "height": 498.4019775390625,
                    "weightHard": false,
                    "weightScale": [
                        1,
                        1,
                        1
                    ],
                    "mirrored": false,
                    "twinId": 0,
                    "flooded": false,
                    "pathable": false,
                    "mergeable": false,
                    "no_features": false
                },
                {
                    "spec": "/pa/terrain/lava/brushes/lava_plateau_09.json",
                    "weight": [
                        0,
                        0,
                        0,
                        0
                    ],
                    "proj": "BP_Bend",
                    "op": "BO_Add",
                    "transform": [
                        1.0766615867614746,
                        -0.26304948329925537,
                        -0.3423515558242798,
                        -147.0937042236328,
                        0.3848482668399811,
                        0.16783341765403748,
                        1.0813524723052979,
                        464.6105651855469,
                        0.1956821084022522,
                        1.117245078086853,
                        -0.24304646253585815,
                        -104.42659759521484
                    ],
                    "scale": [
                        1.1599998474121094,
                        1.1599998474121094,
                        1.1599998474121094
                    ],
                    "rotation": 0.4800001084804535,
                    "position": [
                        -147.09375,
                        464.61065673828125,
                        104.42656707763672
                    ],
                    "height": 498.4019775390625,
                    "weightHard": false,
                    "weightScale": [
                        1,
                        1,
                        1
                    ],
                    "mirrored": true,
                    "twinId": 0,
                    "flooded": false,
                    "pathable": false,
                    "mergeable": false,
                    "no_features": false
                },
                {
                    "spec": "/pa/terrain/lava/brushes/lava_plateau_05.json",
                    "weight": [
                        0,
                        0,
                        0,
                        0
                    ],
                    "proj": "BP_Bend",
                    "op": "BO_Add",
                    "transform": [
                        0.5373892188072205,
                        0.5051214098930359,
                        -0.6753259301185608,
                        -335.7891540527344,
                        0.2907412052154541,
                        0.6407214403152466,
                        0.7105951905250549,
                        353.325927734375,
                        0.7916327118873596,
                        -0.57821124792099,
                        0.19745725393295288,
                        98.18074798583984
                    ],
                    "scale": [
                        1,
                        1,
                        1
                    ],
                    "rotation": -0.17999997735023499,
                    "position": [
                        -335.78912353515625,
                        353.325927734375,
                        98.18072509765625
                    ],
                    "height": 497.2253112792969,
                    "weightHard": false,
                    "weightScale": [
                        1,
                        1,
                        1
                    ],
                    "mirrored": false,
                    "twinId": 0,
                    "flooded": false,
                    "pathable": false,
                    "mergeable": false,
                    "no_features": false
                },
                {
                    "spec": "/pa/terrain/lava/brushes/lava_plateau_05.json",
                    "weight": [
                        0,
                        0,
                        0,
                        0
                    ],
                    "proj": "BP_Bend",
                    "op": "BO_Add",
                    "transform": [
                        0.5373892188072205,
                        0.5051214098930359,
                        -0.6753259301185608,
                        -335.7891540527344,
                        0.2907412052154541,
                        0.6407214403152466,
                        0.7105951905250549,
                        353.325927734375,
                        -0.7916327118873596,
                        0.57821124792099,
                        -0.19745725393295288,
                        -98.18074798583984
                    ],
                    "scale": [
                        1,
                        1,
                        1
                    ],
                    "rotation": -0.17999997735023499,
                    "position": [
                        -335.78912353515625,
                        353.325927734375,
                        98.18072509765625
                    ],
                    "height": 497.2253112792969,
                    "weightHard": false,
                    "weightScale": [
                        1,
                        1,
                        1
                    ],
                    "mirrored": true,
                    "twinId": 0,
                    "flooded": false,
                    "pathable": false,
                    "mergeable": false,
                    "no_features": false
                },
                {
                    "spec": "/pa/terrain/lava/brushes/lava_metal_t2_medium_wide_ramp.json",
                    "weight": [
                        0,
                        0,
                        0,
                        0
                    ],
                    "proj": "BP_Bend",
                    "op": "BO_Add",
                    "transform": [
                        0.0009419620037078857,
                        0.5493496060371399,
                        -0.8355919718742371,
                        -407.0982360839844,
                        0.0012795627117156982,
                        0.8355911374092102,
                        0.549350380897522,
                        267.6420593261719,
                        0.9999986290931702,
                        -0.0015867054462432861,
                        0.00008416175842285156,
                        0.04100338742136955
                    ],
                    "scale": [
                        1,
                        1,
                        1
                    ],
                    "rotation": -0.5799999833106995,
                    "position": [
                        -415.4541931152344,
                        273.1355895996094,
                        0.0417633056640625
                    ],
                    "height": 487.1973876953125,
                    "weightHard": false,
                    "weightScale": [
                        1,
                        1,
                        1
                    ],
                    "mirrored": false,
                    "twinId": 0,
                    "flooded": false,
                    "pathable": true,
                    "mergeable": false,
                    "no_features": true
                },
                {
                    "spec": "/pa/terrain/lava/brushes/lava_plateau_02.json",
                    "weight": [
                        0,
                        0,
                        0,
                        0
                    ],
                    "proj": "BP_Bend",
                    "op": "BO_Add",
                    "transform": [
                        -0.11911851167678833,
                        0.9415435791015625,
                        -0.6697388887405396,
                        -340.296142578125,
                        0.40191954374313354,
                        0.8749908208847046,
                        0.6584195494651794,
                        334.54473876953125,
                        1.2305570840835571,
                        -0.194644033908844,
                        -0.2798812985420227,
                        -142.2084503173828
                    ],
                    "scale": [
                        1.299999713897705,
                        1.299999713897705,
                        0.9800000190734863
                    ],
                    "rotation": -0.6199999451637268,
                    "position": [
                        -339.61273193359375,
                        333.8729248046875,
                        -141.9228515625
                    ],
                    "height": 497.940673828125,
                    "weightHard": false,
                    "weightScale": [
                        1,
                        1,
                        1
                    ],
                    "mirrored": false,
                    "twinId": 0,
                    "flooded": false,
                    "pathable": false,
                    "mergeable": false,
                    "no_features": false
                },
                {
                    "spec": "/pa/terrain/lava/brushes/lava_plateau_02.json",
                    "weight": [
                        0,
                        0,
                        0,
                        0
                    ],
                    "proj": "BP_Bend",
                    "op": "BO_Add",
                    "transform": [
                        -0.11911851167678833,
                        0.9415435791015625,
                        -0.6697388887405396,
                        -340.2961120605469,
                        0.40191954374313354,
                        0.8749908208847046,
                        0.6584195494651794,
                        334.54473876953125,
                        -1.2305570840835571,
                        0.194644033908844,
                        0.2798812985420227,
                        142.20843505859375
                    ],
                    "scale": [
                        1.299999713897705,
                        1.299999713897705,
                        0.9800000190734863
                    ],
                    "rotation": -0.6199999451637268,
                    "position": [
                        -339.61273193359375,
                        333.8729248046875,
                        -141.9228515625
                    ],
                    "height": 497.940673828125,
                    "weightHard": false,
                    "weightScale": [
                        1,
                        1,
                        1
                    ],
                    "mirrored": true,
                    "twinId": 0,
                    "flooded": false,
                    "pathable": false,
                    "mergeable": false,
                    "no_features": false
                },
                {
                    "spec": "/pa/terrain/lava/brushes/lava_plateau_07.json",
                    "weight": [
                        0,
                        0,
                        0,
                        0
                    ],
                    "proj": "BP_Bend",
                    "op": "BO_Add",
                    "transform": [
                        0.2631436586380005,
                        0.5685109496116638,
                        -0.7794553637504578,
                        -389.85638427734375,
                        0.6720568537712097,
                        0.4716314673423767,
                        0.5708794593811035,
                        285.53399658203125,
                        0.6921669244766235,
                        -0.6740615963935852,
                        -0.2579648494720459,
                        -129.02500915527344
                    ],
                    "scale": [
                        1,
                        1,
                        1
                    ],
                    "rotation": 0.13999998569488525,
                    "position": [
                        -387.51800537109375,
                        283.82135009765625,
                        -128.25112915039062
                    ],
                    "height": 500.16510009765625,
                    "weightHard": false,
                    "weightScale": [
                        1,
                        1,
                        1
                    ],
                    "mirrored": false,
                    "twinId": 0,
                    "flooded": false,
                    "pathable": false,
                    "mergeable": false,
                    "no_features": false
                },
                {
                    "spec": "/pa/terrain/lava/brushes/lava_plateau_07.json",
                    "weight": [
                        0,
                        0,
                        0,
                        0
                    ],
                    "proj": "BP_Bend",
                    "op": "BO_Add",
                    "transform": [
                        0.2631436586380005,
                        0.5685109496116638,
                        -0.7794553637504578,
                        -389.8564147949219,
                        0.6720568537712097,
                        0.4716314673423767,
                        0.5708794593811035,
                        285.53399658203125,
                        -0.6921669244766235,
                        0.6740615963935852,
                        0.2579648494720459,
                        129.0250244140625
                    ],
                    "scale": [
                        1,
                        1,
                        1
                    ],
                    "rotation": 0.13999998569488525,
                    "position": [
                        -387.51800537109375,
                        283.82135009765625,
                        -128.25112915039062
                    ],
                    "height": 500.16510009765625,
                    "weightHard": false,
                    "weightScale": [
                        1,
                        1,
                        1
                    ],
                    "mirrored": true,
                    "twinId": 0,
                    "flooded": false,
                    "pathable": false,
                    "mergeable": false,
                    "no_features": false
                },
                {
                    "spec": "/pa/terrain/lava/brushes/lava_t1_medium_4_ramp.json",
                    "weight": [
                        0,
                        0,
                        0,
                        0
                    ],
                    "proj": "BP_Bend",
                    "op": "BO_Add",
                    "transform": [
                        0.8464738726615906,
                        0.4368937015533447,
                        0.30431222915649414,
                        152.4210205078125,
                        0.5177897810935974,
                        -0.5423778891563416,
                        -0.6616044640541077,
                        -331.3781433105469,
                        -0.12399861216545105,
                        0.7176006436347961,
                        -0.6853278875350952,
                        -343.260498046875
                    ],
                    "scale": [
                        1,
                        1,
                        1
                    ],
                    "rotation": 0.2600000202655792,
                    "position": [
                        152.4210205078125,
                        -331.378173828125,
                        -343.26025390625
                    ],
                    "height": 500.8704833984375,
                    "weightHard": false,
                    "weightScale": [
                        1,
                        1,
                        1
                    ],
                    "mirrored": false,
                    "twinId": 0,
                    "flooded": false,
                    "pathable": true,
                    "mergeable": false,
                    "no_features": false
                },
                {
                    "spec": "/pa/terrain/lava/brushes/lava_t1_medium_4_ramp.json",
                    "weight": [
                        0,
                        0,
                        0,
                        0
                    ],
                    "proj": "BP_Bend",
                    "op": "BO_Add",
                    "transform": [
                        0.8464738726615906,
                        0.4368937015533447,
                        0.30431222915649414,
                        152.4210205078125,
                        0.5177897810935974,
                        -0.5423778891563416,
                        -0.6616044640541077,
                        -331.3781433105469,
                        0.12399861216545105,
                        -0.7176006436347961,
                        0.6853278875350952,
                        343.260498046875
                    ],
                    "scale": [
                        1,
                        1,
                        1
                    ],
                    "rotation": 0.2600000202655792,
                    "position": [
                        152.4210205078125,
                        -331.378173828125,
                        -343.26025390625
                    ],
                    "height": 500.8704833984375,
                    "weightHard": false,
                    "weightScale": [
                        1,
                        1,
                        1
                    ],
                    "mirrored": true,
                    "twinId": 0,
                    "flooded": false,
                    "pathable": true,
                    "mergeable": false,
                    "no_features": false
                },
                {
                    "spec": "/pa/terrain/lava/brushes/lava_t2_small_2_ramp.json",
                    "weight": [
                        0,
                        0,
                        0,
                        0
                    ],
                    "proj": "BP_Bend",
                    "op": "BO_Add",
                    "transform": [
                        -0.15126465260982513,
                        0.7526319026947021,
                        0.6408309936523438,
                        318.677001953125,
                        0.7145073413848877,
                        0.5312382578849792,
                        -0.4552638828754425,
                        -226.39686584472656,
                        -0.6830800771713257,
                        0.3890131115913391,
                        -0.6181185245513916,
                        -307.38238525390625
                    ],
                    "scale": [
                        1,
                        1,
                        1
                    ],
                    "rotation": -0.09999999403953552,
                    "position": [
                        321.24029541015625,
                        -228.2178955078125,
                        -309.8548583984375
                    ],
                    "height": 497.287109375,
                    "weightHard": false,
                    "weightScale": [
                        1,
                        1,
                        1
                    ],
                    "mirrored": false,
                    "twinId": 0,
                    "flooded": false,
                    "pathable": true,
                    "mergeable": false,
                    "no_features": false
                },
                {
                    "spec": "/pa/terrain/lava/brushes/lava_t2_small_2_ramp.json",
                    "weight": [
                        0,
                        0,
                        0,
                        0
                    ],
                    "proj": "BP_Bend",
                    "op": "BO_Add",
                    "transform": [
                        -0.15126465260982513,
                        0.7526319026947021,
                        0.6408309936523438,
                        318.6769714355469,
                        0.7145073413848877,
                        0.5312382578849792,
                        -0.4552638828754425,
                        -226.39686584472656,
                        0.6830800771713257,
