{
    "name": "ThreePaths DS 4x1-4x3",
    "description": "Supports 4 teams of 1-3 players each, shared or unshared. Also alternative supports 1v1.",
    "version": "1.01",
    "creator": "Anonemous2",
    "players": [
        2,
        12
    ],
    "planets": [
        {
            "name": "TetraMagmaPariunt",
            "mass": 10000,
            "position_x": 20000,
            "position_y": 20100,
            "velocity_x": -94.1314926147461,
            "velocity_y": 93.6631851196289,
            "required_thrust_to_move": 0,
            "starting_planet": true,
            "respawn": false,
            "start_destroyed": false,
            "min_spawn_delay": 0,
            "max_spawn_delay": 0,
            "planet": {
                "seed": 1435020544,
                "radius": 500,
                "heightRange": 0,
                "waterHeight": 13,
                "waterDepth": 100,
                "temperature": 100,
                "metalDensity": 0,
                "metalClusters": 0,
                "metalSpotLimit": -1,
                "biomeScale": 75.00000006869588,
                "biome": "lava",
                "symmetryType": "terrain",
                "symmetricalMetal": false,
                "symmetricalStarts": false,
                "numArmies": 2,
                "landingZonesPerArmy": 0,
                "landingZoneSize": 330
            },
            "planetCSG": [
                {
                    "weight": [
                        0,
                        0,
                        0,
                        0
                    ],
                    "spec": "/pa/terrain/lava/brushes/lava_volcano_04.json",
                    "proj": "BP_Bend",
                    "transform": [
                        0.6217868328094482,
                        -0.313789039850235,
                        -0.48725515604019165,
                        -287.2085876464844,
                        0.18366149067878723,
                        0.7844858765602112,
                        -0.27083292603492737,
                        -159.6402587890625,
                        0.5496814250946045,
                        0.0928356945514679,
                        0.6416633725166321,
                        378.2232360839844
                    ],
                    "op": "BO_Add",
                    "rotation": 0.3400000035762787,
                    "scale": [
                        0.8500000238418579,
                        0.8500000238418579,
                        0.8500000238418579
                    ],
                    "height": 501.02557373046875,
                    "position": [
                        -286.6353759765625,
                        -159.3216552734375,
                        377.46832275390625
                    ],
                    "weightHard": false,
                    "weightScale": [
                        1,
                        1,
                        1
                    ],
                    "mirrored": false,
                    "twinId": 0,
                    "flooded": false,
                    "pathable": false,
                    "mergeable": false,
                    "no_features": false
                },
                {
                    "weight": [
                        0,
                        0,
                        0,
                        0
                    ],
                    "spec": "/pa/terrain/lava/brushes/lava_volcano_06.json",
                    "proj": "BP_Bend",
                    "transform": [
                        0.11223331093788147,
                        0.9921630620956421,
                        -0.05491922050714493,
                        -27.42399024963379,
                        -0.7267822623252869,
                        0.044272325932979584,
                        -0.6854397058486938,
                        -342.2752685546875,
                        -0.6776365637779236,
                        0.11684347689151764,
                        0.7260553240776062,
                        362.5567626953125
                    ],
                    "op": "BO_Add",
                    "rotation": -1.4799991846084595,
                    "scale": [
                        1,
                        1,
                        1
                    ],
                    "height": 499.3514099121094,
                    "position": [
                        -27.423988342285156,
                        -342.2752685546875,
                        362.5567626953125
                    ],
                    "weightHard": false,
                    "weightScale": [
                        1,
                        1,
                        1
                    ],
                    "mirrored": false,
                    "twinId": 0,
                    "flooded": false,
                    "pathable": false,
                    "mergeable": false,
                    "no_features": false
                },
                {
                    "weight": [
                        0,
                        0,
                        0,
                        0
                    ],
                    "spec": "/pa/terrain/lava/brushes/lava_plateau_05.json",
                    "proj": "BP_Bend",
                    "transform": [
                        0.9950403571128845,
                        -0.09156246483325958,
                        -0.038872335106134415,
                        -19.40478515625,
                        0.05482310801744461,
                        0.8308741450309753,
                        -0.553753137588501,
                        -276.42950439453125,
                        0.0830010175704956,
                        0.548875629901886,
                        0.831773042678833,
                        415.21502685546875
                    ],
                    "op": "BO_Add",
                    "rotation": 0.07999999821186066,
                    "scale": [
                        1,
                        1,
                        1
                    ],
                    "height": 499.19268798828125,
                    "position": [
                        -19.40478515625,
                        -276.42950439453125,
                        415.21502685546875
                    ],
                    "weightHard": false,
                    "weightScale": [
                        1,
                        1,
                        1
                    ],
                    "mirrored": false,
                    "twinId": 0,
                    "flooded": false,
                    "pathable": false,
                    "mergeable": false,
                    "no_features": false
                },
                {
                    "weight": [
                        0,
                        0,
                        0,
                        0
                    ],
                    "spec": "/pa/terrain/lava/brushes/lava_plateau_04.json",
                    "proj": "BP_Bend",
                    "transform": [
                        1.0904262065887451,
                        0.09688600897789001,
                        -0.5823944807052612,
                        -234.2704620361328,
                        -0.2680743336677551,
                        1.1710782051086426,
                        -0.30710136890411377,
                        -123.5327377319336,
                        0.5260288715362549,
                        0.3959648907184601,
                        1.0507639646530151,
                        422.6739196777344
                    ],
                    "op": "BO_Add",
                    "rotation": -0.15999998152256012,
                    "scale": [
                        1.239999771118164,
                        1.239999771118164,
                        1.239999771118164
                    ],
                    "height": 498.7947998046875,
                    "position": [
                        -234.27049255371094,
                        -123.53274536132812,
                        422.6739501953125
                    ],
                    "weightHard": false,
                    "weightScale": [
                        1,
                        1,
                        1
                    ],
                    "mirrored": false,
                    "twinId": 0,
                    "flooded": false,
                    "pathable": false,
                    "mergeable": false,
                    "no_features": false
                },
                {
                    "weight": [
                        0,
                        0,
                        0,
                        0
                    ],
                    "spec": "/pa/terrain/lava/brushes/lava_plateau_09.json",
                    "proj": "BP_Bend",
                    "transform": [
                        0.7105981111526489,
                        0.11560418456792831,
                        -0.694036066532135,
                        -346.8642578125,
                        -0.38042256236076355,
                        0.8929216861724854,
                        -0.24076856672763824,
                        -120.33094024658203,
                        0.591886043548584,
                        0.4351166784763336,
                        0.6784868836402893,
                        339.0931091308594
                    ],
                    "op": "BO_Add",
                    "rotation": -0.29999998211860657,
                    "scale": [
                        1,
                        1,
                        1
                    ],
                    "height": 499.7784423828125,
                    "position": [
                        -346.8642578125,
                        -120.3309326171875,
                        339.0931396484375
                    ],
                    "weightHard": false,
                    "weightScale": [
                        1,
                        1,
                        1
                    ],
                    "mirrored": false,
                    "twinId": 0,
                    "flooded": false,
                    "pathable": false,
                    "mergeable": false,
                    "no_features": false
                },
                {
                    "weight": [
                        0,
                        0,
                        0,
                        0
                    ],
                    "spec": "/pa/terrain/lava/brushes/lava_volcano_04.json",
                    "proj": "BP_Bend",
                    "transform": [
                        -0.4699489176273346,
                        -0.5224902033805847,
                        0.4781758189201355,
                        281.8568420410156,
                        0.44665244221687317,
                        -0.6639922261238098,
                        -0.28655892610549927,
                        -168.90982055664062,
                        0.5496814250946045,
                        0.09283570945262909,
                        0.6416633725166321,
                        378.2232360839844
                    ],
                    "op": "BO_Add",
                    "rotation": 2.4343950748443604,
                    "scale": [
                        0.8500000238418579,
                        0.8500000238418579,
                        0.8500000238418579
                    ],
                    "height": 501.02557373046875,
                    "position": [
                        281.2942810058594,
                        -168.57269287109375,
                        377.46832275390625
                    ],
                    "weightHard": false,
                    "weightScale": [
                        1,
                        1,
                        1
                    ],
                    "mirrored": false,
                    "twinId": 0,
                    "flooded": false,
                    "pathable": false,
                    "mergeable": false,
                    "no_features": false
                },
                {
                    "weight": [
                        0,
                        0,
                        0,
                        0
                    ],
                    "spec": "/pa/terrain/lava/brushes/lava_volcano_06.json",
                    "proj": "BP_Bend",
                    "transform": [
                        0.5732951760292053,
                        -0.5344225168228149,
                        0.6210678815841675,
                        310.1311340332031,
                        0.4605879783630371,
                        0.8371021747589111,
                        0.29515841603279114,
                        147.3877716064453,
                        -0.6776366233825684,
                        0.11684353649616241,
                        0.7260552644729614,
                        362.5567321777344
                    ],
                    "op": "BO_Add",
                    "rotation": 0.6143959164619446,
                    "scale": [
                        1,
                        1,
                        1
                    ],
                    "height": 499.3514099121094,
                    "position": [
                        310.1310729980469,
                        147.38775634765625,
                        362.5567626953125
                    ],
                    "weightHard": false,
                    "weightScale": [
                        1,
                        1,
                        1
                    ],
                    "mirrored": false,
                    "twinId": 0,
                    "flooded": false,
                    "pathable": false,
                    "mergeable": false,
                    "no_features": false
                },
                {
                    "weight": [
                        0,
                        0,
                        0,
                        0
                    ],
                    "spec": "/pa/terrain/lava/brushes/lava_plateau_05.json",
                    "proj": "BP_Bend",
                    "transform": [
                        -0.5449984073638916,
                        -0.6737769246101379,
                        0.4990004599094391,
                        249.09738159179688,
                        0.8343186974525452,
                        -0.494732528924942,
                        0.24321213364601135,
                        121.40972137451172,
                        0.0830010324716568,
                        0.5488755702972412,
                        0.831773042678833,
                        415.21502685546875
                    ],
                    "op": "BO_Add",
                    "rotation": 2.1743950843811035,
                    "scale": [
                        1,
                        1,
                        1
                    ],
                    "height": 499.19268798828125,
                    "position": [
                        249.0973663330078,
                        121.40971374511719,
                        415.21502685546875
                    ],
                    "weightHard": false,
                    "weightScale": [
                        1,
                        1,
                        1
                    ],
                    "mirrored": false,
                    "twinId": 0,
                    "flooded": false,
                    "pathable": false,
                    "mergeable": false,
                    "no_features": false
                },
                {
                    "weight": [
                        0,
                        0,
                        0,
                        0
                    ],
                    "spec": "/pa/terrain/lava/brushes/lava_plateau_04.json",
                    "proj": "BP_Bend",
                    "transform": [
                        -0.31305384635925293,
                        -1.062626600265503,
                        0.5571547150611877,
                        225.016357421875,
                        1.078373908996582,
                        -0.50163334608078,
                        -0.3508176803588867,
                        -141.6836395263672,
                        0.5260288715362549,
                        0.39596492052078247,
                        1.0507638454437256,
                        424.36871337890625
                    ],
                    "op": "BO_Add",
                    "rotation": 1.9343950748443604,
                    "scale": [
                        1.239999771118164,
                        1.239999771118164,
                        1.239999771118164
                    ],
                    "height": 500.7947998046875,
                    "position": [
                        224.11773681640625,
                        -141.11782836914062,
                        422.6739501953125
                    ],
                    "weightHard": false,
                    "weightScale": [
                        1,
                        1,
                        1
                    ],
                    "mirrored": false,
                    "twinId": 0,
                    "flooded": false,
                    "pathable": false,
                    "mergeable": false,
                    "no_features": false
                },
                {
                    "weight": [
                        0,
                        0,
                        0,
                        0
                    ],
                    "spec": "/pa/terrain/lava/brushes/lava_plateau_09.json",
                    "proj": "BP_Bend",
                    "transform": [
                        -0.02584342658519745,
                        -0.8310949802398682,
                        0.5555296540260315,
                        277.6417541503906,
                        0.8056073188781738,
                        -0.34634464979171753,
                        -0.4806685149669647,
                        -240.22776794433594,
                        0.5918859243392944,
                        0.43511664867401123,
                        0.6784869432449341,
                        339.0931396484375
                    ],
                    "op": "BO_Add",
                    "rotation": 1.794395089149475,
                    "scale": [
                        1,
                        1,
                        1
                    ],
                    "height": 499.7784423828125,
                    "position": [
                        277.64178466796875,
                        -240.22779846191406,
                        339.0931396484375
                    ],
                    "weightHard": false,
                    "weightScale": [
                        1,
                        1,
                        1
                    ],
                    "mirrored": false,
                    "twinId": 0,
                    "flooded": false,
                    "pathable": false,
                    "mergeable": false,
                    "no_features": false
                },
                {
                    "weight": [
                        0,
                        0,
                        0,
                        0
                    ],
                    "spec": "/pa/terrain/lava/brushes/lava_volcano_04.json",
                    "proj": "BP_Bend",
                    "transform": [
                        -0.15183809399604797,
                        0.8362790942192078,
                        0.009079383686184883,
                        5.37313175201416,
                        -0.6303138732910156,
                        -0.12049377709627151,
                        0.557391881942749,
                        329.861572265625,
                        0.5496813654899597,
                        0.09283582866191864,
                        0.6416633725166321,
                        379.7330322265625
                    ],
                    "op": "BO_Add",
                    "rotation": 4.52878999710083,
                    "scale": [
                        0.8500000238418579,
                        0.8500000238418579,
                        0.8500000238418579
                    ],
                    "height": 503.02557373046875,
                    "position": [
                        5.341087341308594,
                        327.89434814453125,
                        377.46832275390625
                    ],
                    "weightHard": false,
                    "weightScale": [
                        1,
                        1,
                        1
                    ],
                    "mirrored": false,
                    "twinId": 0,
                    "flooded": false,
                    "pathable": false,
                    "mergeable": false,
                    "no_features": false
                },
                {
                    "weight": [
                        0,
                        0,
                        0,
                        0
                    ],
                    "spec": "/pa/terrain/lava/brushes/lava_volcano_06.json",
                    "proj": "BP_Bend",
                    "transform": [
                        -0.6855284571647644,
                        -0.45774057507514954,
                        -0.566148579120636,
                        -282.70709228515625,
                        0.2661941945552826,
                        -0.8813745975494385,
                        0.3902813196182251,
                        194.8875274658203,
                        -0.6776365637779236,
                        0.11684350669384003,
                        0.7260553240776062,
                        362.5567626953125
                    ],
                    "op": "BO_Add",
                    "rotation": 2.7087910175323486,
                    "scale": [
                        1,
                        1,
                        1
                    ],
                    "height": 499.3514099121094,
                    "position": [
                        -282.70709228515625,
                        194.88751220703125,
                        362.5567626953125
                    ],
                    "weightHard": false,
                    "weightScale": [
                        1,
                        1,
                        1
                    ],
                    "mirrored": false,
                    "twinId": 0,
                    "flooded": false,
                    "pathable": false,
                    "mergeable": false,
                    "no_features": false
                },
                {
                    "weight": [
                        0,
                        0,
                        0,
                        0
                    ],
                    "spec": "/pa/terrain/lava/brushes/lava_plateau_05.json",
                    "proj": "BP_Bend",
                    "transform": [
                        -0.4500419497489929,
                        0.7653393745422363,
                        -0.46012812852859497,
                        -230.61285400390625,
                        -0.8891417980194092,
                        -0.3361416459083557,
                        0.3105410039424896,
                        155.64088439941406,
                        0.0830010324716568,
                        0.5488755702972412,
                        0.831773042678833,
                        416.8785705566406
                    ],
                    "op": "BO_Add",
                    "rotation": 4.268790245056152,
                    "scale": [
                        1,
                        1,
                        1
                    ],
                    "height": 501.19268798828125,
                    "position": [
                        -229.6925811767578,
                        155.01979064941406,
                        415.21502685546875
                    ],
                    "weightHard": false,
                    "weightScale": [
                        1,
                        1,
                        1
                    ],
                    "mirrored": false,
                    "twinId": 0,
                    "flooded": false,
                    "pathable": false,
                    "mergeable": false,
                    "no_features": false
                },
                {
                    "weight": [
                        0,
                        0,
                        0,
                        0
                    ],
                    "spec": "/pa/terrain/lava/brushes/lava_plateau_04.json",
                    "proj": "BP_Bend",
                    "transform": [
                        -0.7773725390434265,
                        0.9657403230667114,
                        0.025239652022719383,
                        10.213812828063965,
                        -0.8102995157241821,
                        -0.6694451570510864,
                        0.6579189300537109,
                        266.2422180175781,
                        0.5260286331176758,
                        0.39596492052078247,
                        1.0507639646530151,
                        425.21612548828125
                    ],
                    "op": "BO_Add",
                    "rotation": 4.02878999710083,
                    "scale": [
                        1.239999771118164,
                        1.239999771118164,
                        1.239999771118164
                    ],
                    "height": 501.7947998046875,
                    "position": [
                        10.152750968933105,
                        264.65057373046875,
                        422.6739501953125
                    ],
                    "weightHard": false,
                    "weightScale": [
                        1,
                        1,
                        1
                    ],
                    "mirrored": false,
                    "twinId": 0,
                    "flooded": false,
                    "pathable": false,
                    "mergeable": false,
                    "no_features": false
                },
                {
                    "weight": [
                        0,
                        0,
                        0,
                        0
                    ],
                    "spec": "/pa/terrain/lava/brushes/lava_plateau_09.json",
                    "proj": "BP_Bend",
                    "transform": [
                        -0.6847547292709351,
                        0.7154906988143921,
                        0.13850633800029755,
                        69.3609848022461,
                        -0.4251846671104431,
                        -0.5465770959854126,
                        0.7214371562004089,
                        361.2801818847656,
                        0.5918859839439392,
                        0.4351167380809784,
                        0.6784868836402893,
                        339.7716064453125
                    ],
                    "op": "BO_Add",
                    "rotation": 3.8887901306152344,
                    "scale": [
                        1,
                        1,
                        1
                    ],
                    "height": 500.7784423828125,
                    "position": [
                        69.22248077392578,
                        360.5587158203125,
                        339.0931396484375
                    ],
                    "weightHard": false,
                    "weightScale": [
                        1,
                        1,
                        1
                    ],
                    "mirrored": false,
                    "twinId": 0,
                    "flooded": false,
                    "pathable": false,
                    "mergeable": false,
                    "no_features": false
                },
                {
                    "weight": [
                        0,
                        0,
                        0,
                        0
                    ],
                    "spec": "/pa/terrain/lava/brushes/lava_volcano_04.json",
                    "proj": "BP_Bend",
                    "transform": [
                        -0.6065719127655029,
                        0.3422759771347046,
                        0.4872552156448364,
                        286.0621337890625,
                        -0.44827139377593994,
                        0.1953463852405548,
                        -0.6952643394470215,
                        -408.18194580078125,
                        -0.39194804430007935,
                        -0.753118097782135,
                        0.04110695421695709,
                        24.13343620300293
                    ],
                    "op": "BO_Add",
                    "rotation": 4.232729434967041,
                    "scale": [
                        0.8500000238418579,
                        0.8500000238418579,
                        0.8500000238418579
                    ],
                    "height": 499.02557373046875,
                    "position": [
                        286.6353759765625,
                        -408.9999694824219,
                        24.18168830871582
                    ],
                    "weightHard": false,
                    "weightScale": [
                        1,
                        1,
                        1
                    ],
                    "mirrored": false,
                    "twinId": 0,
                    "flooded": false,
                    "pathable": false,
                    "mergeable": false,
                    "no_features": false
                },
                {
                    "weight": [
                        0,
                        0,
                        0,
                        0
                    ],
                    "spec": "/pa/terrain/lava/brushes/lava_volcano_06.json",
                    "proj": "BP_Bend",
                    "transform": [
                        -0.18479280173778534,
                        -0.981241762638092,
                        0.05491921678185463,
                        27.423988342285156,
                        0.3880903720855713,
                        -0.12419907003641129,
                        -0.913214385509491,
                        -456.014892578125,
                        0.9029050469398499,
                        -0.1474418342113495,
                        0.403761625289917,
                        201.6189422607422
                    ],
                    "op": "BO_Add",
                    "rotation": 1.7927308082580566,
                    "scale": [
                        1,
                        1,
                        1
                    ],
                    "height": 499.3514099121094,
                    "position": [
                        27.423988342285156,
                        -456.014892578125,
                        201.6189422607422
                    ],
                    "weightHard": false,
                    "weightScale": [
                        1,
                        1,
                        1
                    ],
                    "mirrored": false,
                    "twinId": 0,
                    "flooded": false,
                    "pathable": false,
                    "mergeable": false,
                    "no_features": false
                },
                {
                    "weight": [
                        0,
                        0,
                        0,
                        0
                    ],
                    "spec": "/pa/terrain/lava/brushes/lava_plateau_05.json",
                    "proj": "BP_Bend",
                    "transform": [
                        -0.989349901676178,
                        0.14027027785778046,
                        0.038872335106134415,
                        19.44365692138672,
                        -0.07164443284273148,
                        -0.23681144416332245,
                        -0.9689105153083801,
                        -484.6419677734375,
                        -0.1267039179801941,
                        -0.9613764882087708,
                        0.2443389892578125,
                        122.2165756225586
                    ],
                    "op": "BO_Add",
                    "rotation": 3.312729835510254,
                    "scale": [
                        1,
                        1,
                        1
                    ],
                    "height": 500.19268798828125,
                    "position": [
                        19.40478515625,
                        -483.6729736328125,
                        121.97229766845703
                    ],
                    "weightHard": false,
                    "weightScale": [
                        1,
                        1,
                        1
                    ],
                    "mirrored": false,
                    "twinId": 0,
                    "flooded": false,
                    "pathable": false,
                    "mergeable": false,
                    "no_features": false
                },
                {
                    "weight": [
                        0,
                        0,
                        0,
                        0
                    ],
                    "spec": "/pa/terrain/lava/brushes/lava_plateau_04.json",
                    "proj": "BP_Bend",
                    "transform": [
                        -1.0924274921417236,
                        -0.07083839178085327,
                        0.5823943614959717,
                        234.27044677734375,
                        -0.5847535729408264,
                        0.031623244285583496,
                        -1.0930060148239136,
                        -439.666015625,
                        0.04758840799331665,
                        -1.2375705242156982,
                        -0.061265408992767334,
                        -24.644254684448242
                    ],
                    "op": "BO_Add",
                    "rotation": 3.5927295684814453,
                    "scale": [
                        1.239999771118164,
                        1.239999771118164,
                        1.239999771118164
                    ],
                    "height": 498.7947998046875,
                    "position": [
                        234.27049255371094,
                        -439.66607666015625,
                        -24.644372940063477
                    ],
                    "weightHard": false,
                    "weightScale": [
                        1,
                        1,
                        1
                    ],
                    "mirrored": false,
                    "twinId": 0,
                    "flooded": false,
                    "pathable": false,
                    "mergeable": false,
                    "no_features": false
                },
                {
                    "weight": [
                        0,
                        0,
                        0,
                        0
                    ],
                    "spec": "/pa/terrain/lava/brushes/lava_plateau_09.json",
                    "proj": "BP_Bend",
                    "transform": [
                        -0.7062277793884277,
                        -0.13984376192092896,
                        0.694036066532135,
                        347.55828857421875,
                        -0.680688738822937,
                        -0.1354587972164154,
                        -0.7199401259422302,
                        -360.5304870605469,
                        0.1946924328804016,
                        -0.9808642864227295,
                        0.00047469139099121094,
                        0.2377152144908905
                    ],
                    "op": "BO_Add",
                    "rotation": 3.712728977203369,
                    "scale": [
                        1,
                        1,
                        1
                    ],
                    "height": 500.7784423828125,
                    "position": [
                        346.8642578125,
                        -359.810546875,
                        0.23731380701065063
                    ],
                    "weightHard": false,
                    "weightScale": [
                        1,
                        1,
                        1
                    ],
                    "mirrored": false,
                    "twinId": 0,
                    "flooded": false,
                    "pathable": false,
                    "mergeable": false,
                    "no_features": false
                },
                {
                    "weight": [
                        0,
                        0,
                        0,
                        0
                    ],
                    "spec": "/pa/terrain/lava/brushes/lava_volcano_04.json",
                    "proj": "BP_Bend",
                    "transform": [
                        0.48702698945999146,
                        0.5066089630126953,
                        -0.4781758189201355,
                        -281.8568420410156,
                        -0.3791118860244751,
                        -0.29673993587493896,
                        -0.7005138397216797,
                        -412.9121398925781,
                        -0.5844475030899048,
                        0.6146485805511475,
                        0.055930670350790024,
                        32.96787643432617
                    ],
                    "op": "BO_Add",
                    "rotation": 11.207196235656738,
                    "scale": [
                        0.8500000238418579,
                        0.8500000238418579,
                        0.8500000238418579
                    ],
                    "height": 501.02557373046875,
                    "position": [
                        -281.2942810058594,
                        -412.0880126953125,
                        32.902099609375
                    ],
                    "weightHard": false,
                    "weightScale": [
                        1,
                        1,
                        1
                    ],
                    "mirrored": false,
                    "twinId": 0,
                    "flooded": false,
                    "pathable": false,
                    "mergeable": false,
                    "no_features": false
                },
                {
                    "weight": [
                        0,
                        0,
                        0,
                        0
                    ],
                    "spec": "/pa/terrain/lava/brushes/lava_volcano_06.json",
                    "proj": "BP_Bend",
                    "transform": [
                        -0.5340240001678467,
                        0.573666512966156,
                        -0.6210677027702332,
                        -310.7521057128906,
                        0.8025117516517639,
                        0.11276058852672577,
                        -0.5858839750289917,
                        -293.14788818359375,
                        -0.26607000827789307,
                        -0.8112902641296387,
                        -0.5205910205841064,
                        -260.47845458984375
                    ],
